time	s1	s10	s11	s12	s13	s14	s15	s16	s17	s2	s3	s4	s5	s6	s7	s8	s9
0.0.	100.0	0.0	0.0	0.0	0.0	2.6469779601696877e-23	0.0	0.0	0.0	0.0	0.0	0.0	0.0	0.0	0.0	8.470329472543003e-22	0.0
0.0.3.0	0.606384002926566	0.464677008596492	1.746181916048021	3.120255615040703	7.741651435755096	0.21397797466620702	1.271212361311413	0.325829561565257	0.105519110822686	30.579230224530356	4.044026406814929	0.307913546695316	25.911820765064476	12.314683700246196	0.181144241341327	6.610167785800564	4.455324342774404
0.0.6.0	0.380153965438333	1.003710100193058	1.702792590367102	3.117805311423481	7.4191030936522875	0.21499289059852403	1.197257922856146	0.32434718734003204	0.10722758581220401	26.746374080188506	8.27970397242783	0.519365150917666	25.78644689196753	12.113651552701857	0.17309473314286403	6.631883236925776	4.282089734046813
0.0.8999999999999999.0	0.38485497666013	1.525060208006052	1.6584474994553382	3.109841805369647	7.104280887045529	0.215605055098874	1.127206746782495	0.32232616943680004	0.10873292216442501	23.43867625744549	11.939213016820759	0.6297578148188111	25.618493864297673	11.898914934183392	0.165282090827055	6.641318430809137	4.111987320778416
1.0.2.0	0.38469895706143303	2.02996110726289	1.6165351070554999	3.102486769873547	6.8114614052681635	0.21623283360090903	1.063159109862903	0.32040667456923	0.11023935141756801	20.63478534135807	15.108798534985873	0.6849662711643181	25.45887514916521	11.694615011381348	0.15803588641691202	6.651410846609264	3.953331642946891
1.0.5.0	0.38169667717397004	2.519586609912766	1.576522570307386	3.094993968556689	6.537342150456976	0.21682588450381302	1.004311822738154	0.31850934059322805	0.11172227433517201	18.251130704329697	17.861876217423468	0.710577528961435	25.301268845804504	11.497425201618727	0.15127378476216902	6.66060023754629	3.804336180975609
1.0.7999999999999998.0	0.377279647496221	2.99492937169635	1.53809915868009	3.086983117413768	6.279712748318269	0.21735862036570902	0.950072568090994	0.31659339911925505	0.11316897003454801	16.22031202386089	20.259946393955126	0.720724459294622	25.142424655132945	11.305531629659162	0.144939590852581	6.6680937772170665	3.663829868812472
2.0.1.0	0.372232125744804	3.456860729046905	1.5010826987274002	3.078284301583113	6.037014211732661	0.21781970319861202	0.8999815668627961	0.314640253890876	0.114573577626007	14.487157825446964	22.354815882642164	0.723150301524033	24.980856858212395	11.117990675842119	0.138992816769018	6.673540221436597	3.531006249713603
2.0.4.0	0.366977201312537	3.906165478351585	1.465361626170057	3.068841146239654	5.808065767542782	0.218205498176742	0.853662616004441	0.31264326966646805	0.115933960639645	13.005945347594148	24.190295299740125	0.7220433996941371	24.81603165298524	10.93433051796161	0.133402210256123	6.67682692320237	3.405268084462395
2.0.6999999999999997.0	0.361737616518158	4.343562298093108	1.430862800771522	3.058657049848344	5.591911862297803	0.218516437094043	0.8107950353376011	0.310602103799655	0.11724996381197302	11.738454335533316	25.803532400770173	0.7196223207766831	24.647916035596822	10.754330018788295	0.12814212075824502	6.677967084760943	3.28614051544338
3.0.	0.35662562740977705	4.769716110047571	1.397533728627406	3.047765509304242	5.387736439886355	0.21875500992092803	0.771097371460794	0.30851957908002203	0.11852244911012101	10.652546539317253	27.226084333192535	0.7170210236063581	24.47672893432929	10.577896798202795	0.123190454435585	6.677037498713062	3.1732225933559812
3.0.3.0	0.35169312488276105	5.185245902871065	1.365332819060469	3.036213887694814	5.194814799340214	0.21892466495392202	0.7343177187235771	0.306399974350758	0.11975276675696801	9.721089165708815	28.4847950254531	0.7147821453280021	24.302805179790766	10.405000620897756	0.11852751747307501	6.674144464279911	3.066160222434109
3.0.5999999999999996.0	0.34695951426842603	5.59072998766752	1.3342241097917151	3.024054663699014	5.012486415123392	0.21902921479012202	0.700227776732397	0.30424810405066605	0.12094246854171001	8.921113039230736	29.602522078114465	0.713131033108324	24.126522262076474	10.235637547773495	0.114135355487049	6.669405387940756	2.964631041603819
3.0.9.0	0.34242715777103305	5.98670978563185	1.30417446644385	3.011340828581325	4.840139426857514	0.21907252283647602	0.668619029915781	0.302068834976972	0.12209315560476801	8.233137962652727	30.59874419775872	0.712127234261223	23.948261883553425	10.069811122375597	0.10999736966630001	6.662939081805827	2.868335939306694
4.0.2.0	0.33808987153971604	6.373692761547483	1.2751521431607191	2.9981235683417893	4.677201607958852	0.21905834448886002	0.6393001440567201	0.29986684382022405	0.12320640045228401	7.640622105071528	31.49007181865736	0.7117476074012491	23.768390672438024	9.907522926346497	0.10609808708864	6.654860856548422	2.776994241081713
4.0.5.0	0.33393755216933	6.75215484524589	1.247126084186383	2.984451192601842	4.523134919261452	0.21899025279064602	0.612095072049154	0.297646505954591	0.12428370959291302	7.129506685724883	32.29067806695468	0.7119313712992481	23.587251341119437	9.748768232179614	0.102423016846877	6.645280232341758	2.690340919681373
4.0.8.0	0.329958653008255	7.122542531609733	1.220065622081459	2.970368732931369	4.377432038416765	0.218871609538157	0.586841583637778	0.29541185461240904	0.125326508098416	6.6878359942057575	33.012663477472394	0.7126040467971341	23.405159444792226	9.59353438067567	0.09895855393526501	6.634300057514186	2.6081249106731033
5.0.1.0	0.326141471846983	7.485274765379214	1.193940382394183	2.955917891126746	4.239613973739694	0.218705560221456	0.563390058444577	0.293166576766674	0.126336135726832	6.305438281717366	33.66636520691577	0.713689762627789	23.22240306033631	9.441800571934905	0.095691909789785	6.622016364889664	2.5301080261421243
5.0.3999999999999995.0	0.32247478659261203	7.840744670248232	1.168720290593532	2.941137161873819	4.109228271648419	0.21849504091587701	0.541602451265017	0.290914027225644	0.127313848903155	5.973656627844271	34.26061951023751	0.715117205211493	23.03924391355389	9.293538351015487	0.09261105782887001	6.608518597417412	2.456064187624831
5.0.7.0	0.31894813765581403	8.189321155909614	1.144375624918309	2.926062034400231	3.985847549699761	0.21824279065906002	0.5213513775808161	0.28865725089847	0.128260825447605	5.685121305196842	34.80298472843104	0.7168221474808261	22.855919155752094	9.148712399085513	0.08970468760319701	6.593890002742631	2.385778826538229
6.0.	0.31555192272978805	8.531350422536756	1.120877085312584	2.910725222226861	3.8690682107671153	0.217951365857698	0.5025192890151721	0.28639900788308803	0.12917817038353002	5.433556874071523	35.299930835929395	0.7187481808722831	22.672643364100082	9.007281423722883	0.08696216408202401	6.57820808968167	2.319048370827589
6.0.3.0	0.312277395317734	8.867157374479305	1.098195863221757	2.895156894703768	3.758509262006884	0.21762315493087903	0.484997720628675	0.284141798617818	0.130066921954363	5.213618499105799	35.757000626336016	0.720846542887648	22.48961054631755	8.869199042801643	0.08437349021399601	6.561545091111077	2.2556797753651088
6.0.6.0	0.30911661692451803	9.197046950804376	1.076303704987913	2.8793848974741643	3.653811199466357	0.217260392308104	0.46868659876301605	0.281887887755564	0.13092805741666902	5.0207529424398	36.178946819423636	0.723075525114462	22.306996043058096	8.734414611445022	0.08192927178181601	6.543968406024478	2.195490074812036
6.0.8999999999999995.0	0.306062389788118	9.521305378118027	1.055172965858276	2.86343495628235	3.554634939237244	0.21686517139315	0.453493601959074	0.27963932618485904	0.13176249841367402	4.851080445438784	36.569848711624196	0.725399720440514	22.12495828224343	8.602873971137516	0.07962068404674401	6.5255410087888475	2.138305949045229
7.0.199999999999999.0	0.303108184273471	9.840201349957898	1.034776653855639	2.847330862386266	3.460660786629653	0.216439456366179	0.43933356963304104	0.27739797102582103	0.13257111585991002	4.701294321064552	36.933211439328694	0.7277892433713441	21.94364037173952	8.474520115626744	0.07743943993164501	6.506321821722068	2.08396329722759
7.0.5.0	0.300248068041136	10.153987136462582	1.015088463874948	2.831094639792488	3.371587440212526	0.21598509283001002	0.42612795442979906	0.275165503634137	0.13335473433258302	4.568575578607722	37.272050459134284	0.7302189890473411	21.763171533071418	8.349293776049793	0.075377759621208	6.486366051244161	2.03230681961389
7.0.8.0	0.29747664029187204	10.46289962772464	0.9960828028781091	2.814746695459588	3.287131030120274	0.21550381737026802	0.41380431489949204	0.27294344574277	0.134114135996697	4.450520316649071	37.5889634563789	0.7326679596776481	21.58366838655581	8.22713393131956	0.073428341521297	6.46572548982492	1.983189607589119
8.0.1.0	0.29478897235243	10.767161314076093	0.977734807243894	2.798305953991661	3.207024191081457	0.214997266125511	0.40229584559027504	0.270733173909676	0.13485006410444	4.345077966314585	37.88619156082048	0.7351186676386511	21.40523610129089	8.107978251163404	0.071584334547208	6.444448786760314	1.9364727429890842
8.0.4.0	0.292180554812694	11.066981206458884	0.9600203533482101	2.781789978431201	3.131015170910797	0.214466982470109	0.391540941944547	0.268535932448044	0.135563226113183	4.25049875793796	38.165671466432286	0.7375566145953171	21.227969424094812	7.991763479402062	0.069839311720087	6.422581691012358	1.8920249078675
8.0.7.0	0.289647250905876	11.362555699958747	0.942916062387768	2.7652150787041823	3.058866975116713	0.213914423909626	0.38148279759701104	0.266352845008802	0.136254296465619	4.165289029878573	38.429079813040076	0.739969841331462	21.05195360093895	7.878425764683119	0.06818724505130501	6.400167269245447	1.849722005776783
9.0.	0.287185255595308	11.65406938350921	0.9263993003633981	2.74859640914847	2.990356548026062	0.213340968280766	0.372069031838825	0.264184924971592	0.136923919072398	4.088173206085921	38.67787098432615	0.742348541097252	20.877265203339025	7.76790094526045	0.066622481691106	6.377246101951608	1.809446795442506
9.0.299999999999999.0	0.28479105975651503	11.94169579869446	0.910448174032304	2.731948056411506	2.925273990527076	0.21274791933876103	0.363251345153123	0.26203308478445403	0.13757270953365902	4.018061445171932	38.91330930405743	0.7446847288602241	20.703972870894177	7.660124793708323	0.06513972131310501	6.353856460265137	1.771088537497855
9.0.6.0	0.28246141884660103	12.225598150493466	0.895041523533682	2.715283118855859	2.863421814236366	0.21213651180549903	0.3549852008541	0.25989814437638303	0.138201257131671	3.954022113247689	39.136496465623935	0.7469719591457761	20.532137979880428	7.55503322676198	0.06373399470140301	6.330034465769158	1.7345426547360252
9.0.9.0	0.28019332549339104	12.505929972711852	0.8801589122949851	2.69861377847224	2.804614231631996	0.21150791594276003	0.34722953098006204	0.25778083875178603	0.138810126622848	3.8952583597370323	39.348394905192045	0.7492050857771381	20.361815246597562	7.45256248482655	0.062400643502939	6.305814235314694	1.699710406150139
10.0.2.0	0.277983985492319	12.782835750745447	0.8657806147390811	2.6819513661732612	2.748676481471512	0.210863241706735	0.339946464703112	0.25568182486213303	0.13939985985376402	3.841088183248475	39.54984772267175	0.751380057562532	20.193053273072724	7.352649285109289	0.06113530110433601	6.281228012616383	1.666498574867172
10.0.5.0	0.275830796758171	13.056451504210795	0.8518876022358751	2.665306421229044	2.695444188632804	0.21020354253269002	0.33310107762545504	0.25360168783791004	0.13997097722256902	3.790927466269446	39.741595664466644	0.7534937447205691	20.025895041751262	7.255230951810486	0.05993387459003301	6.256306288160845	1.634819169945422
10.0.799999999999999.0	0.27373133083587803	13.32690533186572	0.8384615276753361	2.648688745507256	2.644762757374203	0.209529818792308	0.326661160435305	0.25154094665325	0.140523979004362	3.744275535388919	39.924291605237514	0.755543791532121	19.86037836495148	7.160245526353311	0.058792527736829005	6.23107790876362	1.604589141892615
11.0.1.0	0.271683316626863	13.594317921129031	0.8254847089812221	2.632107453094416	2.596486796903881	0.208843020960627	0.32059700549395903	0.24950005928634303	0.14105934655661	3.700702870025407	40.09851290064523	0.757528491336213	19.696536294116616	7.067631860237063	0.05770766499904301	6.205570177936267	1.575730111671228
11.0.4.0	0.269684626034199	13.858803024393657	0.8129401118353341	2.615571015801023	2.5504795780726353	0.20814405252471802	0.31488121001990305	0.24747942743060403	0.14157754341855902	3.659840638990188	40.264771927528855	0.759446680543105	19.53439749325293	6.9773296927555	0.056675916438142	6.179808948074355	1.548168112886327
11.0.7.0	0.267733261270846	14.120467904214001	0.800811331839662	2.59908730498881	2.506612519953824	0.207433772662057	0.309488494625552	0.24547940080462102	0.14207901631674302	3.621371792138062	40.423525080759774	0.7612976488216211	19.373986580385182	6.889279715525597	0.05569412355087101	6.153818705346558	1.52183334679625
12.0.	0.26582734361089	14.379413749336221	0.7890825763075131	2.582663630102956	2.464764705045215	0.20671299871297202	0.30439553604756103	0.243500281102861	0.142564196087096	3.585023475113136	40.575180455853484	0.7630810630357001	19.215324440379423	6.803423625516453	0.054759325950515005	6.127622648052634	1.496659949745408
12.0.299999999999999.0	0.263965103394495	14.635736063430903	0.7777386458437091	2.566306774244244	2.424822421816006	0.205982508468448	0.299580812992361	0.241542325623874	0.143033498522811	3.550560569858016	40.72010441226016	0.764796902864125	19.05842851206688	6.719704168047295	0.053868748856801006	6.101242759120972	1.472585772588909
12.0.6.0	0.26214487112379303	14.889525028281703	0.7667649158474761	2.550023027074849	2.386678733324961	0.205243042291911	0.29502446409481003	0.239605750608289	0.143487325155906	3.517780193033564	40.85862718319844	0.7664454063446091	18.903313052243792	6.638065171033152	0.05301979135115201	6.074699873332749	1.449552171658852
12.0.9.0	0.26036506950965804	15.140865843080984	0.756147318049129	2.533818215315781	2.350233070649644	0.204495305091303	0.290708157059655	0.237690734314938	0.14392606397944702	3.486507009568119	40.991047673178954	0.768027023845812	18.749989378811243	6.5584515715923555	0.052210015355294	6.04801373978762	1.4275038108100722
13.0.2.0	0.258624206348817	15.389839041385578	0.745872322172433	2.517697731063132	2.315390849889733	0.20373996815577303	0.28661496812291104	0.23579741986013503	0.14435009011650102	3.456589239879148	41.11763756333874	0.7695423791946211	18.59846609505081	6.480809435987952	0.051437135292765	6.021203080063394	1.406388474077581
13.0.5.0	0.256920868127453	15.636520787191397	0.7359269177981661	2.501666558123695	2.2820631115373082	0.20297767086962	0.282729271033521	0.23392591784218203	0.14475976644114302	3.427895257446985	41.2386448268206	0.770992236876558	18.44874929679858	6.405085973752288	0.05069900839441201	5.9942856424684905	1.386156888477614
13.0.799999999999999.0	0.25525371426174304	15.880983151496237	0.7262985964904991	2.485729296547298	2.250166181042221	0.20220902231460303	0.27903663481476904	0.232076308770666	0.145155444156174	3.400310688846408	41.354296741215215	0.7723774743894921	18.30084276407919	6.331229546737667	0.04999362561061901	5.967278252739169	1.366762556488037
14.0.1.0	0.253621471898038	16.123294370634767	0.716975334236004	2.469890185513239	2.219621349439713	0.20143460277047	0.275523729620197	0.230248645317912	0.14553746333168202	3.373735941462386	41.464802472138885	0.7736990589688251	18.154748138585127	6.259189673743779	0.049319103094686005	5.940196861493259	1.348161597751068
14.0.399999999999999.0	0.252022931205858	16.363519087588788	0.707945574235016	2.454153124710757	2.190354572949225	0.20065496512244801	0.272178240050295	0.22844295440803503	0.14590615340804802	3.348084095276373	41.570355291005974	0.7749580280198081	18.010465088235055	6.18891703129274	0.048673674223458	5.913056588717096	1.33031259955106
14.0.7.0	0.250456941105898	16.601718577399428	0.6991982100765961	2.438521694338276	2.16229619049691	0.19987063618345302	0.268988785344201	0.22665923915739103	0.14626183366661002	3.323279104601884	41.67113448068609	0.7761554726924781	17.86799145991135	6.120363451052849	0.048055682122968006	5.885871765531768	1.313176475631856
15.0.	0.24892240538291302	16.83795095773559	0.690722569321087	2.422999173832979	2.135380658158906	0.19908211793794703	0.26594484590530804	0.22489748067874002	0.146604813670829	3.299254263722203	41.76730697476213	0.7772925241196591	17.727323421361273	6.053481914351981	0.047463572668514004	5.858655973458433	1.296716332931538
15.0.299999999999999.0	0.24741827913999803	17.072271385604758	0.682508397508172	2.407588559430674	2.1095462995674	0.19828988871362802	0.26303669566111504	0.22315763976020303	0.14693539368046302	3.275950897250999	41.859028769323025	0.778370341910656	17.588455593144296	5.988226544168527	0.046895887930195	5.8314220813792055	1.280897345826722
15.0.6.0	0.24594356555642402	17.304732241128267	0.6745458426031561	2.392292580645851	2.084735071366298	0.19749440428650203	0.260255339796155	0.221439658428942	0.14725386504101	3.25331724187853	41.94644614045237	0.779390104554681	17.45138117141962	5.924552594942084	0.0463512600365	5.804182280369981	1.26568663749366
15.0.899999999999999.0	0.24449731291610202	17.535383299242625	0.6668254398898631	2.377113715752874	2.060892342847672	0.196696098924335	0.257592457432539	0.21974346140853102	0.14756051055041902	3.231307491135519	42.029696695661706	0.78035300144021	17.316092042289107	5.86241644050568	0.045828405430069004	5.776948116563795	1.251053168008991
16.0.2.0	0.24307861187791602	17.764271890131884	0.659338097314885	2.36205420634152	2.037966688943602	0.195895386372952	0.255040348865683	0.21806895747813101	0.14785560480486	3.209880979033944	42.10891028333771	0.781260226240829	17.182578888342274	5.801775560406165	0.045326119491174	5.749730522187784	1.236967628828702
16.0.5.0	0.24168659296281003	17.99144304914287	0.6520750812848211	2.34711607101314	2.015909695790448	0.195092660789482	0.25259188699344004	0.21641604074079202	0.14813941452518	3.189001482040012	42.18420978071454	0.782112971455843	17.050831287989055	5.74258852484866	0.044843271505914	5.722539844903217	1.223402343299766
16.0.8.0	0.24032042423559402	18.216939656885128	0.645028002915639	2.332301118277694	1.994675778123764	0.19428829762618802	0.25024047260513904	0.214784591807566	0.14841219886547202	3.168636621893633	42.25571177785439	0.7829124239259371	16.920837808112285	5.684814978473645	0.04437879995743001	5.695385875565901	1.210331172874579
17.0.099999999999998.0	0.23897930916214902	18.440802570170874	0.6381888047311151	2.317610958706465	1.9742220078018111	0.19348265446826302	0.24797999322326503	0.213174478903487	0.14867420970509201	3.148757354391166	42.32352717254207	0.7836597611714261	16.792586090524022	5.62841562315154	0.043931708119721004	5.6682778745136915	1.197729428713851
17.0.4.0	0.237662484625024	18.663070744406618	0.63154974780557	2.303047016390514	1.9545079527939322	0.19267607182861402	0.24580478521466703	0.211585558900966	0.148925691925292	3.12933753146215	42.38776168880488	0.7843561484237611	16.666062932667423	5.573352199958584	0.043501059934885004	5.64122459647836	1.1855737883787851
17.0.7.0	0.23636921908243103	18.88378134800687	0.6251033993446901	2.288610539750715	1.935495526006826	0.19186887390241303	0.243709598910563	0.210017678285656	0.14916688367154302	3.110353525754482	42.448516329901096	0.785002736240601	16.541254362968274	5.519587470479222	0.043085976155749	5.614234314210744	1.173842217328168
18.0.	0.235098810857364	19.10296986936244	0.618842620697013	2.27430261174132	1.917148843356903	0.191061369283985	0.24168956649523302	0.208470674059439	0.14939801660253701	3.091783908544984	42.5058877750297	0.7856006586114901	16.41814571120598	5.467085197563808	0.042685630736955006	5.587314840900537	1.162513894950358
18.0.3.0	0.23385058654512103	19.320670216860083	0.612760555787744	2.260124159485696	1.8994340905305331	0.19025385164833303	0.23974017244231702	0.20694437458478201	0.149619316126743	3.073609173155959	42.55996872765937	0.786151031475339	16.296721674243912	5.415810125655963	0.042299247458597006	5.5604735514655115	1.151569144874028
18.0.599999999999998.0	0.23262389952877602	19.536914812416693	0.606850619965799	2.246075963379766	1.8823193979060102	0.18944660039947903	0.237857226295233	0.205438600374396	0.149831001627344	3.055811497218569	42.61084822222099	0.78665495158297	16.176966377431732	5.365727960790919	0.041926096767512	5.533717402778942	1.1409893693149
18.0.9.0	0.23141812859332403	19.75173467896031	0.601106489254388	2.23215866569599	1.865774723141502	0.18863988128757603	0.23603683760436903	0.20395316482980602	0.150033286676291	3.038374538111149	42.658611894925336	0.7871134956482261	16.05886343196756	5.316805350354789	0.041565492822229	5.507052952898648	1.130756987228545
19.0.2.0	0.230232676630188	19.965159522260816	0.5955220899950361	2.218372778718211	1.849771740962218	0.18783394699663403	0.23427539284869303	0.20248787493217402	0.15022637923815702	3.021283256740759	42.703342223630344	0.7875277197398101	15.942395988486089	5.269009862684511	0.041216790728471	5.480486379356291	1.120855376051657
19.0.5.0	0.229066969424698	20.17721780748655	0.590091588874561	2.204718692435463	1.8342837397074212	0.18702903770454501	0.23256953418311702	0.201042531888448	0.150410481864431	3.004523765551261	42.74511874096863	0.787898658873422	15.827546787118363	5.222309966579099	0.040879383952923	5.454023496561154	1.11126881682597
19.0.8.0	0.22792045451985402	20.38793683083714	0.58480938332437	2.191196681820848	1.8192855242239552	0.186225381616967	0.23091613986568502	0.19961693173571401	0.15058579187881202	2.988083197249768	42.784018224338425	0.7882273267700031	15.714298204251055	5.176675010784749	0.040552701903752	5.427669772368734	1.101982442510232
20.0.099999999999998.0	0.226792600150396	20.597342786579773	0.5796700922812581	2.177806913719672	1.8047533247175052	0.18542319547653902	0.22931230623027402	0.198210865906391	0.150752501554058	2.971949591261274	42.820114865841866	0.7885147157512251	15.602632296196322	5.132075203509063	0.040236207667112	5.401430343860918	1.092982189296416
20.0.4.0	0.22568289424179003	20.80546082979362	0.5746685472988521	2.164549453369428	1.790664711196094	0.184622685048763	0.227755331081283	0.19682412175673802	0.15091079828087	2.9561117953621823	42.853480424813704	0.7887617967478561	15.492530839968389	5.08848159201324	0.039929395889528006	5.37531003238123	1.084254750756488
20.0.7.0	0.22459084346923303	21.012315135107023	0.56979978399883	2.151424270572639	1.776998513162268	0.18382404558582902	0.226242698396656	0.19545648306096203	0.15106086472927502	2.940559380318777	42.88418436520541	0.78896951940046	15.383975371349207	5.045866042325188	0.039631790796722	5.349313357865732	1.075787534655821
21.0.	0.22351597237227203	21.217928951692606	0.565059033851112	2.13843124554218	1.7637347442311362	0.18302746226954703	0.22477206423471902	0.19410773047305802	0.151202879002934	2.9252825656763033	42.91229397976868	0.789138812235155	15.276947220413012	5.004201219111385	0.039342944340026005	5.3234445525074054	1.067568622278524
21.0.3.0	0.22245782252101	21.42232465476776	0.560441716272295	2.12557017443741	1.750854531370989	0.182233110634498	0.22334124374866102	0.19277764195837602	0.151337014786768	2.910272155116359	42.93787450270742	0.7892705828998461	15.17142754466784	4.963460565740588	0.039062434462117004	5.297707573789421	1.059586730118693
21.0.599999999999998.0	0.221415951730242	21.62552379383116	0.555943431031752	2.112840774608281	1.73834004848165	0.18144115697242402	0.221948199220236	0.19146599319676802	0.15146344148826701	2.8955194800321182	42.960989212233706	0.789365718448739	15.06739735996173	4.92361828456831	0.038789863474335	5.2721061169203995	1.051831173799933
21.0.9.0	0.2203899333182	21.82754713785072	0.551559950954956	2.100242689563476	1.726174454043043	0.18065175871882203	0.22059102903134703	0.19017255795904903	0.151582324372838	2.881016350168203	42.98169952426169	0.789425085664882	14.964837569291292	4.88464931746723	0.03852485653832	5.24664362670269	1.04429183409327
22.0.2.0	0.219379355406839	22.028414717603603	0.5472872149137901	2.087775493677634	1.7143418325828081	0.17986506482265202	0.21926795749869002	0.18889710845839303	0.15169382469349102	2.866755010340197	43.00006507830386	0.789449531412149	14.863728989641537	4.846529326625259	0.038267060245225006	5.221323308862779	1.03695912491109
22.0.5.0	0.218383820260888	22.228145865355724	0.5431213210938011	2.075438696651819	1.702827139727193	0.17908121609999902	0.217977325502675	0.18763941567817302	0.151798099815181	2.852728102392002	43.01614381648673	0.7894398830094971	14.764052376977306	4.8092346756299715	0.038016141286141	5.196148140871158	1.0298239631616941
22.0.8.0	0.217402943663092	22.426759252055383	0.5390585205285491	2.063231747740457	1.6916161506138812	0.17830034557249202	0.21671758184733303	0.186399249677685	0.151895303334076	2.838928631671335	43.02999205647863	0.7893969486215401	14.66578844949913	4.772742410855365	0.037771785207823004	5.171120882277359	1.02287774035578
23.0.099999999999998.0	0.216436354323285	22.62427292220413	0.535095210891491	2.051154039757285	1.680695411459038	0.177522578791231	0.21548727529302503	0.185176379877058	0.15198558519201902	2.825349937407678	43.041664559014905	0.7893215176604631	14.568917909269054	4.737030243164383	0.037533695248174	5.146244084584287	1.016112295862359
23.0.4.0	0.21548369331913203	22.820704326556957	0.531227930536003	2.039204912871985	1.670052194083641	0.17674803414692303	0.21428504720842	0.183970575322623	0.152069091786417	2.811985666465688	43.0512145906144	0.7892143611951721	14.47342146230536	4.702076529938477	0.037301591246305006	5.121520100684678	1.009519891717637
23.0.7.0	0.21454461356652202	23.016070352793783	0.527453352774461	2.027383658208589	1.6596744532161711	0.175976823166896	0.213109624792529	0.182781604933893	0.15214596607580602	2.798829750022708	43.058693982002374	0.789076232364291	14.379279837239093	4.667860257443421	0.037075208622328	5.096951093881083	1.003093188895915
24.0.	0.213618779317772	23.210387354294568	0.523768280387485	2.015689521256049	1.6495507864000412	0.175209050799627	0.211959814821524	0.181609237733263	0.15221634768129302	2.7858763827835373	43.06415318268756	0.7889078667902271	14.286473802619296	4.634361023538794	0.03685429742235	5.072539046509631	0.9968252249568951
24.0.3.0	0.21270586568591002	23.40367117714193	0.5201696403547751	2.004121705100778	1.6396703963447452	0.174444815687353	0.21083449787869002	0.180453243059457	0.152280372984085	2.773120004400627	43.067641312083964	0.7887099829920131	14.1949841829488	4.601559020736973	0.036638621424442006	5.048285768186666	0.99070939298875
24.0.599999999999998.0	0.21180555819346103	23.595937185466433	0.5166544787991431	1.9926793734904251	1.630023055569647	0.17368421042735702	0.20973262302923001	0.179313390765687	0.15233817521930101	2.760555282814869	43.06920620751722	0.78848328279511	14.104791873527258	4.56943501961593	0.036427957301617006	5.024192903696298	0.984739421771018
24.0.9.0	0.21091755234425302	23.78720028524233	0.5132199561356711	1.9813616537375962	1.620599073198718	0.172927321822429	0.20865320290469602	0.178189451403441	0.15238988456623	2.748177099272235	43.068894469413515	0.7882284517366671	14.015877854173493	4.537970352588879	0.036222093838126	5.000261940535903	0.978909357085829
25.0.2.0	0.21004155321686102	23.977474946634256	0.509863342418132	1.9701676394717822	1.611389263773292	0.172174231121022	0.207595309164628	0.17708119639275702	0.15243562823522702	2.735980534805772	43.06675150393215	0.7879461594650701	13.928223201894994	4.507146898032634	0.036020831195600005	4.976494216135718	0.973213544110134
25.0.5.0	0.209177275078434	24.166775224988864	0.5065820128750781	1.9590963932472572	1.602384917958129	0.17142501424756101	0.20655806830563	0.17598839817977602	0.152475530551396	2.723960858001753	43.0628215632706	0.7876370601328431	13.841809102568163	4.476947064775427	0.035823980225832004	4.952890924767739	0.9676466108255791
25.0.8.0	0.20832444101768502	24.355114780558843	0.503373443628247	1.948146949014323	1.593577775023864	0.17067974202337102	0.205540657790438	0.174910830382351	0.152509713035199	2.71211351389376	43.05714778384459	0.787301792782198	13.756616861689249	4.447353776944091	0.035631361827137005	4.929453124158417	0.9622034523863451
26.0.099999999999998.0	0.207482782595963	24.54250689704134	0.500235207586178	1.937318314460836	1.584959996996112	0.16993848037863002	0.20454230247177602	0.17384826792440303	0.152538294480161	2.700434113849913	43.04977222252111	0.7869409817226871	13.672627914252388	4.4183504591695435	0.035442806341511	4.90618174181879	0.9568792163888091
26.0.4.0	0.20665203951534303	24.7289644990071	0.497164970506186	1.926609473230612	1.576524144368367	0.16920129055576202	0.20356227128779603	0.17280048715971802	0.15256139102778202	2.68891842633676	43.04073589106261	0.7865552369005681	13.589823833807635	4.389921022148868	0.035258152989913	4.883077581105011	0.9516692889901531
26.0.7.0	0.20583195930279102	24.91450016829168	0.494160487218037	1.916019387024902	1.5682631532821851	0.16846822930464703	0.20259987420774903	0.171767265985794	0.152579116239789	2.6775623684590313	43.030078788922424	0.7861451542596091	13.508186340748997	4.362049848561559	0.035077249343222004	4.860141327021602	0.9465692818261681
27.0.	0.20502229700947702	25.09912615941553	0.49121959800296205	1.90554699759287	1.560170314084154	0.167739349070011	0.20165445940825802	0.170748383948352	0.152591581167859	2.6663619981878792	43.01783993451643	0.785711316093175	13.427697309879361	4.334721779336882	0.034899950826557	4.837373551779045	0.9415750196814211
27.0.3.0	0.204222814924399	25.28285441409496	0.488340225121806	1.895191228616605	1.5522392511747651	0.16701469817134101	0.20072541066211003	0.16974362233706503	0.15259889442090702	2.655313507201753	43.00405739508232	0.785254291387484	13.348338777296563	4.307922100268869	0.034726120254806	4.8147747201167945	0.9366825288677061
27.0.599999999999998.0	0.20343328230152702	25.465696574902463	0.48552036948637806	1.8849509874959811	1.544463904069582	0.166294320975644	0.19981214492294302	0.16875276427302602	0.152601162230064	2.644413214273999	42.98876831522665	0.784774636156037	13.27009294664225	4.281636528974885	0.034555627397341006	4.792345194402213	0.9318880262692971
27.0.9.0	0.20265347509971002	25.64766399813051	0.48275810746826103	1.874825167038338	1.5368385095980481	0.165578258063376	0.198914110090526	0.16777559478846502	0.152598488511441	2.633657559149669	42.97200894424919	0.7842728937652471	13.192942194752732	4.255851202193388	0.034388348570051006	4.770085239515393	0.927187909015959
28.0.2.0	0.20188317573465903	25.828767765909674	0.48005158783955104	1.86481264705776	1.5293575851699122	0.164866546387814	0.198030782942541	0.16681190089917802	0.15259097492677	2.6230430968614282	42.953814662325534	0.783749595251335	13.116869076748765	4.230552663416144	0.034224166252917	4.747995027529361	0.9225787447469781
28.0.5.0	0.201122172842349	26.00901869762851	0.477399028840205	1.8549122958884021	1.5220159130436	0.16415921942817402	0.19716166721991002	0.165861471670108	0.15257872094202202	2.612566492440655	42.934220005621164	0.7832052596286291	13.04185633059908	4.205727850849783	0.034062968731495	4.72607464219464	0.9180572624316241
28.0.799999999999997.0	0.200370261053217	26.188427360699603	0.474798715366874	1.845122971816169	1.514808525534944	0.163456307336722	0.19630629185373502	0.16492409827450202	0.15256182388408002	2.6022245159852933	42.91325869040299	0.782640394189378	12.967886881190402	4.181364085701406	0.033904649760753004	4.704324083236774	0.9136203437135161
29.0.099999999999998.0	0.19962724077659103	26.367004080713127	0.47224899627827704	1.835443524432746	1.507730691108504	0.16275783708014202	0.19546420932286	0.163999574047031	0.152540378995562	2.592014038050655	42.890963636208994	0.782055494795277	12.894943843934906	4.157449060782684	0.03374910824985	4.682743270474907	0.909265014748256
29.0.4.0	0.19889291799479203	26.544758951016664	0.46974828181238304	1.82587279591585	1.5007779012973241	0.16206383257540402	0.19463499413194502	0.163087694531243	0.15251447948785202	2.581932025333428	42.867366988130534	0.781451046160855	12.82301052794415	4.133970829426725	0.033596247966483	4.661332047769238	0.904988438505516
29.0.7.0	0.19816710406641203	26.721701841757575	0.46729504111082204	1.8164096222393171	1.493945858400283	0.16137431482035502	0.19381824140075202	0.16218825752170402	0.15248421659243502	2.5719755366226	42.84250013825779	0.780827522128926	12.75207043879699	4.110917794711786	0.033445977259564004	4.640090186804647	0.900787907508456
30.0.	0.197449615538276	26.897842408421624	0.46488779984614204	1.8070528343164851	1.487230463909424	0.16068930201925402	0.193013565556047	0.16130106310115802	0.152449679610592	2.562141718994097	42.816393746334285	0.7801853859383131	12.682107280927253	4.088278698985889	0.033298208799053	4.619017390717572	0.896660836984964
