time	s1	s10	s11	s12	s13	s14	s15	s16	s17	s2	s3	s4	s5	s6	s7	s8	s9
0.0.	100.0	0.0	0.0	0.0	0.0	0.0	0.0	0.0	0.0	0.0	0.0	0.0	0.0	0.0	2.6469779601696877e-23	0.0	0.0
0.0.3.0	0.6551548100133531	0.500457747367208	0.666675965758283	1.469006015940674	2.143164183543585	0.26963968195042604	0.5599090239105661	0.21931623057562502	0.158105720464414	48.01286290423609	14.556262521221413	0.6708877252656691	12.770143519077417	7.267347042211441	0.195472889790058	5.723178124496647	4.162415894177092
0.0.6.0	0.4542838468736	1.064107943342828	0.670811516013817	1.429712149340462	2.080290854176732	0.270019678209993	0.517741288149814	0.21756609205218103	0.159811189733471	35.366040167361064	27.406072815969384	0.731605154369097	12.624864054344386	7.150186253046233	0.17817449235840802	5.813693798276186	3.8650187063823793
0.0.8999999999999999.0	0.437368123006998	1.59342116430767	0.673348226645854	1.3892924438725491	2.016248696758221	0.26978029574810103	0.47872933413748003	0.21538509886947002	0.161129049816848	26.34466412488651	36.61039175652395	0.6909214660088351	12.456592999480808	7.021890843458674	0.16247839938687703	5.890122721882252	3.588235255208917
1.0.2.0	0.41955839893601	2.091304161164748	0.675096848005684	1.349508391226421	1.953583184547639	0.269251615010203	0.44318425252226906	0.21304346650605102	0.162250088633865	19.930524511292386	43.224607787975046	0.6531641945680591	12.281058293994924	6.891380149391331	0.14841880969357302	5.959305195758061	3.334760650773749
1.0.5.0	0.40545174121117705	2.560414311837837	0.676169230133285	1.3105348389169431	1.892521056889687	0.26847969510678704	0.41082411366116506	0.210578267454215	0.163200096612506	15.361041737924639	47.99406909309396	0.6257399829657581	12.100369134388805	6.759789928207987	0.13583092827898102	6.022138232966552	3.102847610349741
1.0.7999999999999998.0	0.39452411415898603	3.003250142480934	0.6767215893164451	1.272640156053877	1.8334264827290911	0.267528296442545	0.38143595216033305	0.20804062918822602	0.164015522604042	12.102353883339882	51.44765501387783	0.6065336385150021	11.917447652119355	6.628715706150619	0.12458320155856101	6.079909906627821	2.891218112676473
2.0.1.0	0.38594147045505606	3.422161907122569	0.676875295963358	1.236007865701656	1.77654032639821	0.266446741718879	0.354802049571146	0.20546943543974402	0.16472474632269302	9.775828780721834	53.96143743564945	0.5932368663129131	11.734494304324087	6.49933678226004	0.11455012768747601	6.133623797474334	2.6985220668765972
2.0.4.0	0.37905902608712805	3.819339466957705	0.6767192985758761	1.200745149565328	1.721992869303549	0.26527097811848	0.33070195906898303	0.20289232662258702	0.165348609157511	8.112360043828836	55.80296133536721	0.584121986092049	11.553049065751003	6.372453382793216	0.105612082131932	6.184016536786697	2.523355883791959
2.0.6999999999999997.0	0.373411470949329	4.196806652438121	0.676318573461653	1.166904309881879	1.669835388362419	0.26402707052795804	0.308919457997267	0.20032866579327302	0.16590237697321802	6.920618648946073	57.16261805452374	0.5779523982303131	11.37416678019039	6.24858853486197	0.097656960563374	6.231627284487895	2.364317371811165
3.0.	0.368666078891954	4.556422228340621	0.675720872457484	1.134499655698674	1.620064955977637	0.262733986540792	0.28924745602436003	0.19779189505430603	0.16639730996874802	6.064562655746567	58.17593890121717	0.573849126637446	11.198556277822412	6.128068713837871	0.09058116573172101	6.2768533911775695	2.220045328874712
3.0.3.0	0.36458500643547503	4.89988530026486	0.6749616060840551	1.103519632001507	1.572642220864271	0.261405611511534	0.27149091034535	0.19529123913347501	0.16684179889310502	5.447456592438556	58.93944400026331	0.571188323827514	11.026680896018036	6.011082050385451	0.08428995931006	6.319990690053356	2.089244162170114
3.0.5999999999999996.0	0.36099800596264203	5.228743428510493	0.674067329285158	1.073935405049723	1.5275039639762702	0.26005218697555105	0.255468324816718	0.19283292075756	0.167242176046003	5.000510921759032	59.521910415942806	0.569527574031902	10.858830152685519	5.897719779850237	0.078697382845285	6.361262253393074	1.970697778112038
3.0.9.0	0.35778296741478804	5.544402237928638	0.67305822548541	1.045706912928125	1.484571919329521	0.258681335764786	0.24101229584541903	0.190421026185099	0.16760329314382702	4.674805269499827	59.97238371883131	0.568553410574805	10.695170750901829	5.788005688642945	0.073725908972645	6.400838879022529	1.863276159528516
4.0.2.0	0.354852072671032	5.8481357027926535	0.671949877270402	1.018787114541007	1.443758942006679	0.25729879277207	0.22796943428564	0.188058121602994	0.167928933154972	4.435546195431201	60.3258742418762	0.5680439963903771	10.535782866037263	5.681917016058725	0.069305935188034	6.438853687259672	1.765937070661109
4.0.5.0	0.352141945861745	6.141096562408728	0.67075452946998	0.993124960033231	1.404973295159422	0.25590892626447503	0.21619989240259901	0.18574569225679102	0.16822210400280802	4.257984680550041	60.60740725614788	0.56784259324382	10.38068596236664	5.579399279372838	0.065375196158043	6.475412527579994	1.6777245967209922
4.0.8.0	0.34960664568682803	6.424326515717384	0.6694819910498141	0.968667454543325	1.3681216047505411	0.25451511014947903	0.205576653735136	0.18348445544736103	0.16848524821392002	4.12451359666457	60.83490283262259	0.5678387019697441	10.229857160694104	5.48037677786328	0.06187814501566401	6.510601403944632	1.597765701931671
5.0.1.0	0.34721267879707	6.69876597660712	0.6681402799352011	0.9453610796303	1.333110871965908	0.253119990153965	0.19598469350255102	0.18127458376063102	0.1687203927475	4.02260408929062	61.021223641375336	0.567954656350797	10.083244305926295	5.384760024307051	0.058765336330767005	6.544491778574587	1.525265620744353
5.0.3999999999999995.0	0.344935450485826	6.965263263320237	0.666736084819424	0.923152760223211	1.2998498202953122	0.25172567446958605	0.18732008199354003	0.179115864394971	0.168929256241957	3.94333839091775	61.17563117007915	0.5681360941174011	9.940775262915725	5.292450991834166	0.055992831192810004	6.577144365622794	1.459502637076199
5.0.7.0	0.342756737620925	7.22458315760329	0.665275096626187	0.90199051055868	1.268249773996794	0.25033387059614903	0.17948907877191803	0.177007812983101	0.16911332593760903	3.880366671239825	61.304821334432354	0.5683451842478591	9.802364527596447	5.203346807569837	0.053521636463945005	6.608611849618154	1.3998226241369731
6.0.	0.34066288868174704	7.477414810927708	0.6637622470912561	0.8818238539081841	1.238225207587922	0.248945983841854	0.17240724842562902	0.17494975499530802	0.169273912995193	3.829165361003806	61.4136610354131	0.5685558137337291	9.667917926638893	5.117342342141136	0.051317184595473006	6.638940838000419	1.345633590018677
6.0.3.0	0.338643541039127	7.7243790023971055	0.662201881116915	0.862604083410566	1.209694065440033	0.24756318847857903	0.16599861676596803	0.172940884034777	0.169412192413386	3.786509812763591	61.50571208460635	0.568750167312009	9.53733595571188	5.034332014455789	0.049348856630541005	6.668173267786186	1.296400385637239
6.0.6.0	0.33669070624442904	7.966034770260338	0.660597881864597	0.8442844117854631	1.1825779217176011	0.246186479378479	0.160194878288301	0.17098030365059202	0.16952923195902	3.750099348371267	61.58360394044517	0.5689162974221741	9.41051614775866	4.954211038951614	0.047589548562777	6.696347422920531	1.2516396704190371
6.0.8999999999999995.0	0.33479811720156805	8.202885449363505	0.658953762083567	0.826820043813514	1.156802030413028	0.24481670970229202	0.1549346602253	0.169067057384287	0.16962601325099802	3.718290649410836	61.6492989396799	0.569046398067525	9.287354749842956	4.876876276940748	0.046015279676772006	6.723498673721563	1.210915189221684
7.0.199999999999999.0	0.33296076174612504	8.435384152581742	0.6572727312849831	0.8101681955962741	1.132295300665958	0.243454618605411	0.150162844874057	0.167200150407567	0.169703447233906	3.689908177324708	61.70428108283346	0.5691355790290791	9.167747906857654	4.8022268070362895	0.044604840575399006	6.749660017717439	1.173833385630001
7.0.5.0	0.33117454894938103	8.663938736805052	0.655557745604883	0.794288077591894	1.108990222211517	0.24210085178654	0.145829949504412	0.16537856514266802	0.169762385633512	3.664109360780254	61.74969045614069	0.5691809957238141	9.051592493296765	4.730164296478794	0.043339478099948	6.774862478338691	1.1400393579112391
7.0.8.0	0.32943606996177904	8.888916294483767	0.653811545232145	0.7791408534363441	1.086822758454626	0.24075597689201003	0.141891561665649	0.163601272569514	0.169803629528465	3.640288722507709	61.78641899068258	0.569181231833211	8.938786693676205	4.660593231585181	0.042202614131703	6.799135401684858	1.1092131516743
8.0.1.0	0.32774242622988803	9.11064721081417	0.6520366828777421	0.764689583017347	1.065732219451284	0.239420495211174	0.138307826826224	0.16186724043477302	0.16982793584671202	3.618009692600605	61.81517872218875	0.569135861569324	8.829230403291126	4.5934210487570635	0.041179595230085006	6.822506680028156	1.081066375625625
8.0.4.0	0.32609110575727	9.329428824880958	0.650235545765516	0.7508991557521031	1.045661123376385	0.238094850687311	0.135042984812164	0.16017543922986402	0.169836022363333	3.596956107717107	61.8365504891354	0.5690451395896721	8.72282550043236	4.528558195542588	0.040257470145562003	6.845002922494376	1.055339122318054
8.0.7.0	0.324479893652628	9.545528730824426	0.6484103729157571	0.7377362182335601	1.026555052433007	0.236779436975871	0.132064951318229	0.15852484655721802	0.16982857161153803	3.576897707969211	61.85101871326272	0.5689097816041201	8.619476026545806	4.465918142746629	0.039424792398695	6.8666495875095155	1.031797173441095
9.0.	0.322906807172248	9.759187752607675	0.6465632689881321	0.7251690991424811	1.008362507298958	0.23547460307358	0.129344940756659	0.15691445032766901	0.16980623400109301	3.557665587271093	61.85899627598816	0.568730809403385	8.519088300395275	4.405417362534779	0.038671445308687005	6.887471087434886	1.010229468295251
9.0.299999999999999.0	0.32137004828307103	9.970622623383859	0.6446962155910151	0.7131677334239761	0.9910347628910571	0.23418065789354603	0.126857126815544	0.15534325110614902	0.16976963035480902	3.539134721727381	61.86084234481181	0.568509441636022	8.421570984864875	4.346975283169574	0.037988487064504	6.907490872847179	0.990445814135644
9.0.6.0	0.31986796877835905	10.180028397910606	0.642811080708095	0.7017035870907581	0.9745257272988601	0.232897874055733	0.12457833727677001	0.15381026383331	0.16971935401413402	3.5212115316247052	61.856875179481584	0.5682470170616261	8.32683511974552	4.290514227949962	0.037368013645339	6.926731501806812	0.9722748177178411
9.0.9.0	0.31839904440486905	10.387580623994854	0.6409096267105341	0.6907495835653681	0.958791805085325	0.23162649108678202	0.122487779861235	0.15231451908676202	0.169655972622403	3.503825023392733	61.84738136157204	0.5679449408474361	8.234794130077546	4.235959343739866	0.036803037606043004	6.94521469795165	0.9555620183945551
10.0.2.0	0.31696185547592504	10.593437296616711	0.638993517292604	0.680280032156078	0.9437917656926361	0.23036671816932702	0.120566796105359	0.150855064000048	0.169580029664006	3.486920477946834	61.83262247437831	0.567604647204978	8.145363816928779	4.183238522914107	0.036287380941873004	6.962961400179006	0.9401682043334031
10.0.5.0	0.315555072167566	10.797740616197071	0.6370643235757031	0.670270559037759	0.929486617370554	0.229118736542503	0.11879864051403001	0.14943096292486402	0.16949204581607702	3.470454950469025	61.81283996368943	0.5672275736036101	8.058462335564528	4.132282321439378	0.035815580432460005	6.9799918059120465	0.925967894743389
10.0.799999999999999.0	0.31417744320956403	11.000618570449841	0.635123529559073	0.66069804095244	0.91583948682195	0.227882701627856	0.11716828247196401	0.148041297898714	0.16939252015387002	3.454394059017166	61.788258699281165	0.5668151431770081	7.974010164590866	4.0830238750155115	0.035382804035891	6.996325409398789	0.912847972338322
11.0.1.0	0.312827787049671	11.202186357398055	0.6331725370479251	0.6515405417351781	0.9028155046070101	0.22665874493512803	0.11566222862239602	0.146685168963502	0.16928193123989402	3.438709690321126	61.75908960711538	0.5663687529190491	7.8919300686678024	4.035398814636594	0.034984777059787	7.011981036099899	0.9007064515816061
11.0.4.0	0.311504984830624	11.402547665428633	0.631212670155471	0.6427772516954641	0.8903816962437211	0.225446975788295	0.114268363635784	0.14536169436853702	0.16916073811895502	3.4233783584654702	61.725531635659294	0.565889765962306	7.812147056682814	3.989345182527238	0.03461771697753	7.026976873940618	0.8894513695192361
11.0.7.0	0.310207974705677	11.601795824707416	0.629245179450803	0.6343884298328191	0.8785068788730921	0.224247482901996	0.11297580749015601	0.144070010682806	0.16902938123555702	3.408380028480597	61.68777324393954	0.565379506727649	7.734588336767273	3.944803349120278	0.034278275885030005	7.041330502000306	0.8789997871989981
12.0.	0.308935747151284	11.800014842864206	0.6272712458067901	0.6263553488306131	0.867161563312943	0.22306033583119203	0.11177478756818601	0.142809272835126	0.16888828328597502	3.393697271133246	61.6459935450267	0.564839258085389	7.6591832691724715	3.901715931535419	0.033963489707453005	7.055058917068068	0.8692768907849271
12.0.299999999999999.0	0.30768734103045103	11.997280336577997	0.625291983989396	0.6186602427494491	0.856317861296736	0.22188558631153402	0.11065652404414501	0.14157865409626	0.168737850014392	3.379314653796529	61.60036320028863	0.564270259918506	7.585863317757327	3.860027713870049	0.033670733367294	7.06817855838783	0.8602151825034481
12.0.6.0	0.306461840228107	12.193660369534598	0.623308446020417	0.611286257327145	0.845949397678539	0.22072326950405202	0.10961312718704301	0.140377346013794	0.168578470960281	3.365218299720808	61.55104513245594	0.563673708656182	7.514562000647717	3.819685569507389	0.033397681215952005	7.080705330840364	0.8517537525016481
12.0.9.0	0.30525837072839	12.38921620618235	0.6213216243388701	0.604217402784018	0.8360312273782371	0.21957340515492402	0.108637505345353	0.139204558308154	0.16841052016268	3.35139556754127	61.49819510611793	0.5630507574720951	7.445214840487413	3.780638385570824	0.033142272111782	7.092654626754299	0.843837623561388
13.0.2.0	0.30407609803858204	12.584002989767743	0.61933245478121	0.5974385090279121	0.8265397568398911	0.21843599867899502	0.10772328250456101	0.138059518736353	0.16823435682583202	3.337834816736801	61.44196221043787	0.5624025169315731	7.377759314597787	3.742836989598632	0.032902678599264004	7.104041346497586	0.836417161399382
13.0.5.0	0.30291422488943204	12.778070352280864	0.61734181939684	0.5909351831520581	0.817452669778807	0.21731104217414302	0.10686472442247201	0.13694147292875802	0.168050325949816	3.324525234626117	61.382489269027246	0.5617300559353371	7.312134805287737	3.706234078474073	0.032677279707512004	7.114879917970914	0.829447543997849
13.0.799999999999999.0	0.30177198915965303	12.971462963173689	0.615350549112578	0.584693769119439	0.8087488569981871	0.21619851537241902	0.10605667244963701	0.135849684203135	0.167858758929144	3.311456707508937	61.31991319490108	0.5610344028527561	7.248282550498771	3.670784149617635	0.032464636942666006	7.125184315102297	0.8228882840579671
14.0.1.0	0.30064866198536705	13.164221023023087	0.6133594262576291	0.578701309529293	0.80040835006318	0.215098386532998	0.105294484234509	0.134783433359513	0.16765997412183	3.298619723555585	61.25436530343313	0.560316546769541	7.18614559492808	3.636443434428117	0.032263473098494005	7.1349680754252685	0.816702799254379
14.0.399999999999999.0	0.29954354602479305	13.356380707688473	0.611369186958977	0.572945509364152	0.7924122586281791	0.21401061328126	0.10457398059582801	0.13374201845879902	0.16745427739107602	3.286005298603066	61.1859715926601	0.5595774387975541	7.125668741740213	3.603169833944823	0.032072653553642	7.144244316810427	0.8108580254986141
14.0.7.0	0.298455973855278	13.547974567954371	0.609380523415868	0.567414701619231	0.7847427112217841	0.212935143397829	0.10389139791924201	0.13272475458763602	0.16724196262139301	3.273604918545569	61.11485299773436	0.558817993410444	7.066798504953518	3.570922856693025	0.031891169762851	7.153025753410212	0.8053240688973791
15.0.	0.29738530648489103	13.739031889144464	0.6073940860610201	0.562097814719672	0.777382799302688	0.21187191556091	0.10324334550200401	0.13173097361163202	0.167023312210819	3.261410493808395	61.04112562450102	0.5580390897802591	7.009483062568566	3.5396635586676872	0.031718124683919005	7.161324710869139	0.8000738925229091
15.0.299999999999999.0	0.2963309319645	13.929579014740947	0.6054104856154281	0.5569843416350131	0.770316524408668	0.210820860044955	0.10262676732960001	0.130760023918806	0.16679859754064502	3.249414322676958	60.96490096587044	0.557241573098155	6.953672210490797	3.50935448540557	0.031552719912523	7.169153140845657	0.795083034501296
15.0.6.0	0.29529226408901005	14.119639637635553	0.603430295042933	0.552064310604243	0.7635287482296	0.209781899378394	0.10203890782192701	0.12981127015486202	0.166568079423976	3.237609061166343	60.88628610371891	0.5564262558680351	6.899317317287937	3.479959616092577	0.031394244323866005	7.176522634886855	0.7903293542749391
15.0.899999999999999.0	0.294268741178561	14.30923506227248	0.601454051410223	0.547328257388736	0.757005145444069	0.20875494896291102	0.101477281134891	0.128884092951701	0.166332008534286	3.225987697768333	60.80538389837598	0.5555939191659001	6.846371279813113	3.451444309651098	0.031242064043783	7.183444437693243	0.7857928042106801
16.0.2.0	0.293259824932017	14.498384440614029	0.599482257657415	0.5427671989742251	0.7507321591673991	0.20773991765656502	0.10093964364650901	0.12797788865042	0.166090625815064	3.214543531877526	60.72229316727081	0.5547453138605131	6.794788479717035	3.423775252751007	0.031095613592832003	7.1899294598074714	0.781455224009154
16.0.5.0	0.29226499934634204	14.687104984563838	0.5975153842840331	0.538372608646797	0.7446969588669821	0.206736708322854	0.100423969295303	0.127092069019922	0.165844162871527	3.203270155029928	60.637108853956136	0.553881161792884	6.744524740866197	3.396920409687382	0.030954388065341003	7.195988289758044	0.777300155626493
16.0.8.0	0.291283769696343	14.875412157216353	0.5955538709547921	0.5341363923715611	0.738887400608449	0.20574521834769002	0.099928427473516	0.12622606097212	0.16559284234533903	3.192161434324567	60.54992218847113	0.553002156913466	6.69553728767884	3.370848974068042	0.030817936221657002	7.201631205686619	0.7733126766495231
17.0.099999999999998.0	0.290315661570062	15.063319845062006	0.5935981280293341	0.5300508664061561	0.733291989503553	0.204765340126099	0.099451363208719	0.12537930627462401	0.165336878273173	3.181211497568385	60.46082083981661	0.552108966376836	6.647784704385988	3.3455313222543053	0.03068585438617	7.206868186485402	0.769479250272577
17.0.4.0	0.28936021995564704	15.250840513062482	0.591648538019781	0.5261087360847131	0.7278998442376541	0.20379696152035	0.09899127939523801	0.12455126126172401	0.165076476429926	3.170414719806366	60.36988906117569	0.551202231594296	6.601226895221238	3.320938968499027	0.030557781056388	7.211708922469241	0.765787590210226
17.0.7.0	0.288417008376035	15.437985344317102	0.589705456979711	0.52230307571111	0.72270066356132	0.20283996629109502	0.09854682086173801	0.123741396544361	0.16481183465732502	3.159765710986264	60.27720782840949	0.550282569245225	6.555825045539748	3.297044521726763	0.030433392139468003	7.216162825605472	0.7622265390477451
18.0.	0.287485608068191	15.624764365867707	0.587769215827968	0.518627309503496	0.7176846946368981	0.20189423450301303	0.09811676008367201	0.12294919671975701	0.16454314317863503	3.149259304570337	60.18285497227859	0.549350572248262	6.5115415838642825	3.273821643901938	0.030312396742488004	7.220239039322941	0.7587859586817821
18.0.3.0	0.28656561720393703	15.811186562033065	0.585840121610493	0.5150751935350241	0.712842703136901	0.200959642906363	0.097699984369237	0.12217416008126	0.16427058490010701	3.1388905469519672	60.0869053047812	0.5484068106936041	6.468340144853787	3.251245009931909	0.030194533451421004	7.223946447920432	0.755456631639242
18.0.599999999999998.0	0.285656650149726	15.997259976523637	0.583918458703202	0.511640798618583	0.708165944996729	0.20003606529574702	0.097295484365432	0.12141579832895001	0.163994335699813	3.128654687568136	59.98943073995192	0.5474518327377671	6.426185533188088	3.229290269053098	0.030079567041448003	7.2272936855933985	0.752230172184246
18.0.9.0	0.28475833676294504	16.182991804461178	0.582004489958738	0.5083184940859891	0.7036461397296531	0.199123372847326	0.09690234374682301	0.12067363628145401	0.16371456470442702	3.11854716962282	59.890500409428704	0.5464861654621991	6.3850436883605575	3.207934007649519	0.029967285567994002	7.2302891450968865	0.749098946232694
19.0.2.0	0.28387032172252	16.36838847531422	0.5800984577997961	0.505102932414708	0.6992754452170571	0.198221434435659	0.09651972996397401	0.11994721158940001	0.163431434554521	3.108563621354078	59.7901807730655	0.545510315697157	6.344881650369179	3.187153713454347	0.029857497793848	7.23294098606142	0.7460559991925211
19.0.5.0	0.28299226389180604	16.55345572765874	0.578200585261568	0.501989034657576	0.69504643389178	0.197330116931263	0.09614688594136	0.11923607445089301	0.163145101658893	3.098699847790683	59.688535724844265	0.544524770812241	6.305667526295183	3.166927741086479	0.029750030912982003	7.235257142977748	0.7430949909364171
19.0.8.0	0.28212383571187905	16.738198676581423	0.5763110769856891	0.49897197663333803	0.69095207023697	0.19644928547992302	0.09578312262609301	0.11853978732933701	0.162855716438413	3.088951822953927	59.58562669431987	0.5435299994749461	6.267370457757382	3.147235278875349	0.029644728536316	7.237245332865451	0.74021013719353
20.0.099999999999998.0	0.28126472262351604	16.922621874460656	0.57443012016799	0.49604717583801505	0.686985689527137	0.19557880376474202	0.09542781229908501	0.117857924673922	0.16256342355987802	3.079315682467574	59.48151274381397	0.542526452378554	6.229960589229427	3.128056316928599	0.029541448908793	7.2389130626395914	0.737396156718361
20.0.4.0	0.28041462251625304	17.10672936578626	0.5725578854622081	0.49321027903920206	0.683140977742227	0.194718534251851	0.09508038256951101	0.11719007264303001	0.162268362160288	3.069787716544569	59.376250661559624	0.54151456294065	6.193409037206443	3.10937161639853	0.029440063330687	7.240267636188862	0.734648223659596
20.0.7.0	0.279573245203029	17.29052473661266	0.570694527841698	0.49045715051738703	0.679411952589363	0.193868338420662	0.09474031098168101	0.116535828830804	0.161970666061997	3.060364363323451	59.269895050985276	0.5404947479734941	6.157687860206886	3.091162679904585	0.02934045475932	7.241316161177962	0.7319619246095751
21.0.	0.278740311919051	17.47401115918005	0.5688401874211101	0.48778386092026005	0.675792945570531	0.19302807697948202	0.09440712017085301	0.11589480199709101	0.16167046397911503	3.051042202530814	59.16249841631509	0.539467408327431	6.122770029594887	3.073411723070412	0.0292425165701	7.242065555586289	0.729333219867299
21.0.3.0	0.277915554843568	17.657191432184426	0.566994990239859	0.48518667669778404	0.6722785850379871	0.192197610067276	0.09408037351110601	0.115266611800951	0.16136787971555602	3.041817949448886	59.05411124465319	0.5384329295084791	6.088629401207998	3.056101647135338	0.029146151458322004	7.242522553994415	0.726758408494757
21.0.599999999999998.0	0.27709871664337404	17.840068017129028	0.56515904900917	0.48266205008747104	0.66886378018234	0.19137679744232902	0.09375967120436801	0.114650888537873	0.161063032355088	3.032688449169488	58.94478208470884	0.5373916822711721	6.055240687774824	3.039216012601414	0.029051270465334	7.242693713629251	0.7242340967885731
21.0.9.0	0.27628955003688804	18.022643071146373	0.563332463824343	0.48020660962092404	0.6655437059014151	0.190565498658497	0.093444646764963	0.11404727288086801	0.16075603644373	3.023650671117448	58.834557622311905	0.536344023187714	6.022579432106813	3.022739013878353	0.028957792114590004	7.2425854201782585	0.7217571698268751
22.0.2.0	0.275487817377779	18.20491847664071	0.5615153228438551	0.47781715112425205	0.662313788500836	0.189763573229722	0.09313496385881101	0.113455415625533	0.16044700216482202	3.014701703828059	58.72348275286004	0.5352902951944221	5.9906219810482835	3.006655454889997	0.028865641644845	7.242203893382533	0.719324765785456
22.0.5.0	0.274693290257134	18.386895868065885	0.5597077029367911	0.47549062918635904	0.659169692180065	0.18897088078343502	0.0928303134607	0.112874977439207	0.16013603550709202	3.005838749964453	58.61160065083148	0.5342308281164131	5.959345460168566	2.990950725607079	0.028774750329196002	7.241555192418186	0.7169342527479441
22.0.8.0	0.273905749123242	18.568576656121746	0.55790967030005	0.47322414907053606	0.6561073062601841	0.188187281203457	0.092530411296805	0.112305628614299	0.15982323842599602	2.997059121561872	58.49895283649068	0.533165939171456	5.928727749180125	2.975610779472276	0.028685054870043	7.240645221074895	0.7145832077623321
23.0.099999999999998.0	0.27312498291812304	18.749962049624166	0.556121281046707	0.471014959046034	0.6531227331121731	0.187412634762948	0.09223499554309801	0.11174704882585701	0.159508708998635	2.988360235486777	58.38557923990821	0.532095933453833	5.898747458066448	2.960622111684651	0.028596496861188002	7.239479732740159	0.7122693979210041
23.0.4.0	0.272350788729987	18.931053075277816	0.554342581766826	0.46886044311755204	0.6502122767467351	0.186646802247961	0.091943824753325	0.111198926893442	0.15919254157251	2.9797396090996022	58.271518262409565	0.531021104399063	5.869383903903495	2.945971738311743	0.028509022309309004	7.238064335197349	0.7099907632637721
23.0.7.0	0.27158297146083005	19.111850595558103	0.552573610061976	0.46675811413174306	0.647372432028905	0.18588964507209002	0.091656675992956	0.11066096054735002	0.158874826908374	2.971194856110695	58.1568068355629	0.529941734230261	5.840617088358587	2.9316471761986023	0.028422581207983	7.236404495245282	0.7077454013234511
24.0.	0.27082134350846204	19.292355324888216	0.55081439505463	0.464705607240922	0.644599874482737	0.185141025382719	0.091373343157989	0.11013285619921101	0.15855565231742802	2.962723682619691	58.041480477809905	0.528858094386909	5.812427675850599	2.91763642364419	0.028337127158205	7.234505543146681	0.7055315531516251
24.0.3.0	0.270065724462258	19.4725678442782	0.549064957873595	0.46270067370522205	0.641891450653292	0.184400806159312	0.09109363545966301	0.109614328716995	0.15823510179309902	2.954323883329175	57.925573348839436	0.527770445936745	5.7847969723555615	2.903927941816532	0.028252617030073004	7.23237267691255	0.7033475906784591
24.0.599999999999998.0	0.269315940811994	19.652488614576647	0.547325312116528	0.46074117501544304	0.639244168995018	0.183668851304186	0.090817376058119	0.10910510120443401	0.157913256137618	2.945993337924034	57.809118301798726	0.526679039971473	5.757706904841764	2.89051063687904	0.028169010660928	7.230010966429198	0.701192005275033
24.0.9.0	0.268571825669146	19.832117988470557	0.545595464290592	0.458825077319756	0.6366551912572951	0.18294502572619	0.09054440082979401	0.108604904784867	0.15759019308362002	2.937730007608434	57.692146933432944	0.525584117986962	5.7311400013187335	2.877373842801441	0.028086270585787002	7.227425357434274	0.699063397399825
25.0.2.0	0.267833218500081	20.011456221355107	0.5438754142322171	0.456950446138332	0.6341218243396031	0.18222919541766502	0.090274557254922	0.108113478389499	0.157265987410968	2.9295319317928272	57.57468963223923	0.524485912248551	5.705079371484522	2.864507304829565	0.028004361796386	7.224620675347977	0.696960467222793
25.0.5.0	0.267099964870573	20.190503481183462	0.542165155506913	0.455115441350794	0.63164151259027	0.18152122752506902	0.090007703412914	0.10763056855007201	0.15694071105899401	2.921397224923809	57.45677562471795	0.523384646142079	5.679508687956084	2.8519011635893152	0.027923251525604	7.221601628965257	0.6948820061311181
25.0.8.0	0.26637191620113804	20.369259857395303	0.540464675790028	0.45331831244221005	0.629211830524254	0.18082099041362001	0.089743707074681	0.10715592919592601	0.15661443323435	2.913324073450066	57.33843301979983	0.522280534511218	5.654412168067526	2.839545939800904	0.027842909054376003	7.218372814014613	0.692826889030262
26.0.099999999999998.0	0.26564892953268804	20.54772536901329	0.538773957229301	0.45155739399406203	0.626830475936737	0.18012835372629102	0.089482444882061	0.10668932145542101	0.156287220514644	2.905310732918039	57.21968885152434	0.521173783981666	5.629774556221439	2.827432519580377	0.027763305538576002	7.21493871658882	0.6907940673625941
26.0.4.0	0.264930867302033	20.72589997198762	0.5370929767900331	0.449831101407388	0.6244952633906681	0.179443188437469	0.08922380160556001	0.10623051346170101	0.155959136948035	2.8973555251912373	57.10056912004117	0.520064593272715	5.605581106778613	2.815552140306229	0.027684413853618	7.21130371645271	0.6887825627735661
26.0.7.0	0.264217597126791	20.90378356586109	0.5354217065836471	0.44813792684594006	0.622204118057556	0.178765366901594	0.08896766947250101	0.105779280162761	0.15563024414895002	2.889456835787492	56.98109883100377	0.518953153496732	5.581817567471758	2.8038963770297523	0.027606208454804004	7.20747209023285	0.6867914613624031
27.0.	0.26350899159927504	21.0813759998197	0.533760114180386	0.44647643538784604	0.6199550698920131	0.178094762897052	0.08871394755850501	0.10533540313577601	0.155300601390083	2.881613111328744	56.86130203342043	0.517839648447013	5.558470163329043	2.792457129408507	0.027528665251651003	7.203448014493863	0.6848199084605341
27.0.3.0	0.26280492808897205	21.2586770781876	0.532108162906867	0.44484526137489105	0.617746248121616	0.177431251665604	0.08846254123595501	0.10489867040565601	0.154970265690814	2.8738228570982143	56.741201856026024	0.51672425487449	5.5355255810935855	2.781226609143097	0.027451761494662	7.19923556870578	0.6828671038866011
27.0.599999999999998.0	0.262105288553214	21.435686565419307	0.530465812129145	0.44324310494908203	0.6155758760346941	0.1767747099476	0.08821336167374301	0.10446887626777801	0.154639291902213	2.866084634700102	56.62082054223453	0.5156071427537391	5.512970954125227	2.770197327898101	0.027375475673166002	7.194838738106776	0.680932297632026
27.0.9.0	0.261409959355689	21.612404190636834	0.5288330175219681	0.441668728766727	0.613442266049607	0.17612501601323702	0.08796632538318201	0.10404582111483801	0.15430773278874702	2.858397059817174	56.50017948372979	0.514488475538707	5.490793847771253	2.7593620856887773	0.027299787423007003	7.190261416465359	0.6790147859355831
28.0.2.0	0.26071883109244703	21.78882965175487	0.5272097313248201	0.440120954880765	0.611343815050031	0.17548204969007802	0.08772135380550901	0.10362931126779001	0.153975639106834	2.850758800061877	56.3792992527496	0.5133684104085761	5.468982245192947	2.7487139597157952	0.027224677443017	7.185507408745919	0.6771139077096191
28.0.5.0	0.26003179842507	21.96496261923276	0.525595902585349	0.43859866178257606	0.6092789999715731	0.17484569238706701	0.08747837293685601	0.103219158810797	0.15364305968036301	2.843168572916785	56.258199633116135	0.5122470985041581	5.447524533635119	2.738246293630914	0.027150127419312	7.180580433681435	0.675229041284215
28.0.799999999999997.0	0.259348759920692	22.140802739488276	0.523991477390757	0.437100781594954	0.607246373625931	0.17421582711524503	0.087237312986986	0.102815181430149	0.153310041473308	2.835625143760433	56.1368996500629	0.511124685155192	5.426409491126099	2.7279526872171633	0.027076119956584002	7.1754841262569045	0.673359601438913
29.0.099999999999998.0	0.258669617898576	22.316349638004876	0.522396399087674	0.43562629740838604	0.605244560749506	0.17359233850535702	0.086998108068497	0.102417202257087	0.152976629659544	2.828127323974761	56.01541759890651	0.510001310098906	5.405626273595892	2.717826986467702	0.027002638515628	7.170222040106966	0.671505036694636
29.0.4.0	0.25799427828296	22.491602922160826	0.52081060849105	0.434174240753165	0.6032722542641651	0.17297511282256	0.086760695913488	0.10202504971447401	0.152642867689982	2.8206739691305813	55.89377107260988	0.508877107690193	5.385164402400487	2.707863274048098	0.026929667356447	7.164797649831025	0.66966482684113
29.0.7.0	0.257322650461907	22.666562183806075	0.519234044082555	0.43274368920028305	0.601328211738509	0.172364037978389	0.08652501761504201	0.101638557367246	0.15230879735713101	2.813263977247666	55.771976988281004	0.507752207103727	5.365013752240602	2.698055860127361	0.026857191486354	7.159214353229018	0.6678384806776491
30.0.	0.256654647151892	22.84122700161004	0.5176666421989511	0.43133376408441704	0.5994112520386451	0.17175900354016202	0.086291017391093	0.10125756377658401	0.151974458857179	2.805896287126203	55.65005161264973	0.506626732528342	5.345164539463394	2.68839927356361	0.026785196612549002	7.153475473460883	0.666025533946846
