time	s1	s10	s11	s12	s13	s14	s15	s16	s17	s2	s3	s4	s5	s6	s7	s8	s9
0.0.	100.0	-6.310887241768095e-30	0.0	0.0	0.0	0.0	0.0	0.0	0.0	0.0	0.0	0.0	0.0	0.0	0.0	0.0	0.0
0.0.3.0	1.713097664260174	0.42105865804999404	0.569026808225591	3.754279562798742	2.100054347873588	0.20742226479198403	0.45219975585252303	0.20491804006439002	0.15670525298902002	39.040416272654404	23.2001610254771	1.6619046405805311	11.213556105538435	5.00239224807803	0.10073289708972201	5.419258268751198	4.782816186924564
0.0.6.0	1.092382688911934	0.9265149110039411	0.602747788014199	3.617811714982972	2.141564809468915	0.22031312257123703	0.463642246544386	0.21471339730670003	0.16780986031691703	22.64090827207271	39.586121854972596	1.063112575319519	11.281639620264311	5.342299722183528	0.103562062189645	5.787491365698826	4.747363988177638
0.0.8999999999999999.0	0.780167438706821	1.425898558673408	0.622138589333674	3.404031325790611	2.129432689174844	0.228011585175586	0.46347033305135404	0.21925983889288	0.17507905148643402	13.538997748814246	48.97810280541586	0.68329668404549	11.070201284122184	5.558753293196559	0.10379922691898301	6.021982734296277	4.597376812904785
1.0.2.0	0.5998853661440501	1.9105478550774682	0.633332286409639	3.161714414470037	2.088705020373353	0.23273578811143203	0.45700802956656805	0.220835498611366	0.180149483555467	8.465580476608508	54.48088189261572	0.47183819496473306	10.716947840641382	5.704411410831466	0.10262245166708901	6.179779028400756	4.393024961950965
1.0.5.0	0.49407606894784906	2.37641508132656	0.6397692969350971	2.916513783970376	2.033340605612027	0.23572986390695802	0.44722893018797905	0.22071824696869602	0.18393863659196302	5.622162291630219	57.80849381331908	0.354015367675645	10.298031961054587	5.808799398724566	0.100690313211617	6.292866015284947	4.167210324651847
1.0.7999999999999998.0	0.429918840957552	2.822002770026565	0.643379435399941	2.681279845985768	1.9710768102043192	0.23769156685605303	0.435787565263457	0.21962462870918703	0.18696066099330802	4.01489826877789	59.91062747786533	0.28804641290411803	9.855108251226753	5.888467963641341	0.098369833740843	6.379173627278122	3.937586040169454
2.0.1.0	0.38921245143638306	3.247173785553705	0.6452477516403471	2.461878616592517	1.9061764912659331	0.23901311000966902	0.42360138811485104	0.21795727033008902	0.189504172250608	3.093897890626248	61.314219024400394	0.25081394188449	9.410610592899625	5.952712527321512	0.095865083331491	6.448771904598307	3.713343997743869
2.0.4.0	0.361856052990566	3.652495058882745	0.6459905143253031	2.26044839305777	1.8409771449011192	0.23991717123324102	0.41117906723873804	0.215944540533394	0.191732680491971	2.554818072486292	62.31225427084043	0.22952722232334302	8.97636104921931	6.006803592212939	0.09328973083054501	6.507370558230686	3.49903488020164
2.0.6999999999999997.0	0.34223205336240203	4.038877864460048	0.6459633673350941	2.077186515710116	1.776748590772821	0.24053218901459703	0.39880226082173903	0.21371787724746202	0.193740187608676	2.229139730512551	63.06820068055553	0.21710739127392	8.558333497494242	6.053775077741487	0.090707215990841	6.558256334219945	3.296679165878556
3.0.	0.32720520495981903	4.407381921865881	0.6453765756064991	1.9113242572234181	1.714167856863686	0.240934048565202	0.386626276942373	0.211354606173234	0.19558196475810002	2.023481484613207	63.67377683649577	0.209635091647788	8.15928867891274	6.095414336701092	0.088152996227879	6.603365531426182	3.106932331017161
3.0.3.0	0.31501569457781803	4.759109914702821	0.644358872992552	1.761654163852537	1.653582281935663	0.241169175202074	0.374735857374048	0.208901668669696	0.197291600017856	1.886034325375679	64.18091328411064	0.20493879748128602	7.780231765499659	6.132810550492834	0.08564687620545301	6.643878096367236	2.929727075142158
3.0.5999999999999996.0	0.30466670377022703	5.095151836215788	0.642992873189649	1.626811185320065	1.595155429832107	0.24126734106260503	0.36317612905351304	0.20638878679847802	0.19889045004046702	1.7879961725462952	64.61943845611957	0.20181402168615	7.421218515736604	6.166658796540217	0.083199849774438	6.6805470295852345	2.764626422728671
3.0.9.0	0.29558546827575805	5.41655672162281	0.6413347438740961	1.505418799971559	1.53894813950331	0.24124877935778702	0.351969810363333	0.20383578246077802	0.20039288841435302	1.713302500184613	65.00686873892819	0.199591446841571	7.081801003955983	6.197428913400293	0.08081790439877701	6.713881322850316	2.611017035596527
4.0.2.0	0.28743562466697803	5.724319365113342	0.639425168838739	1.3961615098084361	1.4849636545634182	0.24112814733315802	0.341126805227487	0.201256659736987	0.201809227302908	1.652945434864694	65.35383073648164	0.197898039776151	6.761273880824046	6.225459523205338	0.078504143385122	6.744247816805781	2.46821426206581
4.0.5.0	0.28001324795444804	6.019375171235278	0.6372954843084551	1.29781753474226	1.4331728461175	0.24091674372687702	0.33064957820045204	0.19866189385653302	0.203147350474912	1.6018306863731029	65.6670671405742	0.19652490139946602	6.458810211294841	6.251010602354442	0.076259975761434	6.771928152550642	2.335518479075165
4.0.8.0	0.27318919405315	6.302599360493656	0.6349711394271861	1.209270313333721	1.383528389892972	0.24062375845720102	0.32053618810947904	0.19605972539983302	0.20441363203227403	1.557038194115665	65.95110550485013	0.19535415179874802	6.173536156994693	6.274293073158238	0.07408578871415601	6.797150829254755	2.212244599914158
5.0.1.0	0.26687706797838	6.574808446711462	0.6324736706950821	1.129509010161973	1.335972802636578	0.24025698491942102	0.310782019545826	0.19345690170377103	0.205613458629908	1.5168592271925352	66.20918691962048	0.194318468667861	5.904571768468994	6.295485638526509	0.07198133224720901	6.820109441737049	2.09773684055697
5.0.3999999999999995.0	0.26101537906216005	6.836762842453117	0.62982184899417	1.057623590211033	1.290443054268109	0.23982323313591702	0.30138078778494803	0.19085911016946103	0.20675153109582903	1.4802630067804792	66.44378482900085	0.19337868768288402	5.651052981735637	6.314744518025238	0.069945943251111	6.8409732278606725	1.991375428488404
5.0.7.0	0.255557555379023	7.089169967598415	0.627032364011432	0.9927974637290371	1.246873261467361	0.239328575712793	0.292325136159135	0.18827123903560403	0.20783204286877002	1.446600966492831	66.65689668766653	0.19251139461059402	5.412143180004008	6.332209218975008	0.067978679475482	6.8598933205562584	1.8925789462577152
6.0.	0.250466316328648	7.332687522805914	0.624120248310276	0.9342992987772191	1.205196298362186	0.23877849975317003	0.28360700294371405	0.185697540800133	0.20885878924789603	1.415442516757298	66.8502095492229	0.19170204552376602	5.18703895550328	6.348006079561082	0.06607840252724001	6.877006586191172	1.800804347384137
6.0.3.0	0.24571046586913503	7.567926747797957	0.621099153344653	0.8814748280773421	1.165344789097184	0.238178005337032	0.275217856236534	0.18314174005671302	0.20983523742117702	1.386483606352123	67.02519553954258	0.190941146227632	4.974972644062807	6.3622505480487455	0.06424383165229701	6.892438093719474	1.715545767156646
6.0.6.0	0.24126303376506103	7.795455571558916	0.61798153991364	0.8337390568844101	1.127251741647909	0.23753167316491602	0.26714885179116604	0.180607109012657	0.21076457393918002	1.3594956053451002	67.1831681993827	0.190222125240908	4.775213063094973	6.375048734392702	0.062473580442193005	6.906302795592096	1.636332744831501
6.0.8999999999999995.0	0.23710017065945901	8.015801609410568	0.6147788179735191	0.7905690520023471	1.090850968379856	0.23684371398658002	0.25939094464267703	0.17809652370617002	0.21164973893575903	1.334296541979891	67.32531686707846	0.18954014486081303	4.587065250807964	6.386498533608256	0.060766183277462006	6.918706744742278	1.5627281939479571
7.0.199999999999999.0	0.23320046749237802	8.22945498807569	0.6115014554347491	0.751497371718393	1.056077375646537	0.23611800690571402	0.25193497197716	0.175612508257626	0.212493452315086	1.310734750777324	67.45272862877164	0.188891432333803	4.409869653417138	6.39669048895604	0.059120115361719	6.92974802970238	1.494326302856639
7.0.5.0	0.229544516283352	8.436870993979108	0.608159067083059	0.7161061343067471	1.022867169560012	0.235358130582061	0.24477171724999502	0.173157271332884	0.213298234859108	1.2886794279183271	67.56640313318948	0.18827289982612602	4.243001012038833	6.405708490113025	0.057533808555627	6.9395175309557775	1.430750462166496
7.0.8.0	0.226114610396972	8.638472547539177	0.6047604900408541	0.6840216923307231	0.99115800543869	0.23456738964449803	0.2378919614021	0.1707327372387	0.214066425949851	1.268015045453733	67.6672632254452	0.18768192514536602	4.085867092252727	6.4136303609691705	0.056005664302122005	6.9480995577166045	1.371651268733519
8.0.1.0	0.222894527337396	8.834652510046753	0.601313849547319	0.6549098666469261	0.960889097419179	0.233748837675147	0.23128652469162203	0.16834057308720402	0.21480019889808702	1.248637934398735	67.75616305621845	0.187116222285336	3.937907338506628	6.420528369069799	0.054534064419489006	6.955572399825616	1.316704629926311
8.0.4.0	0.219869362029073	9.025775831558919	0.597826617353942	0.628471689754309	0.9320012984807081	0.23290529758916803	0.22494630133884502	0.165982212912998	0.215501574475739	1.230454098535695	67.83389460247065	0.18657376247016602	3.798591501304265	6.426469676032396	0.053117380247667004	6.9620088157017666	1.265609977743675
8.0.7.0	0.217025392375778	9.212181548962533	0.5943056641921141	0.604439608537518	0.9044371575518481	0.232039379931571	0.21886228842551203	0.16365887931164802	0.216172433026442	1.213377736898354	67.90119313550682	0.186052723862716	3.667418265665946	6.431516741085881	0.051753980466369004	6.967476469509708	1.218088594689225
9.0.	0.21434996659261202	9.3941846434922	0.5907573072865451	0.5825740991340741	0.8781409582753551	0.23115349943821803	0.21302561004735301	0.16137160298646303	0.21681452540099802	1.197330183400912	67.9587419489684	0.18555145778439902	3.5439138981501133	6.435727685763704	0.050442237806116	6.972038326244015	1.173882049228522
9.0.299999999999999.0	0.21183140611112602	9.57207776679827	0.58718735360464	0.5626606503189641	0.8530587427469031	0.23024989010599603	0.20742753745247902	0.15912124048281	0.21742948288992803	1.182239099848381	68.0071765342622	0.185068464656542	3.427630923147571	6.439156625375677	0.049180534814780005	6.975753010823652	1.132750736560057
9.0.6.0	0.20945892027951002	9.746132844307356	0.583601139360379	0.5445070757656011	0.8291383227557171	0.22933061895553802	0.202059505731972	0.156908490323448	0.218018826280544	1.1680378294958351	68.0470883203017	0.18460237584687803	3.318146835198106	6.441853971435983	0.047967268805676005	6.978675135722318	1.094472519433424
9.0.9.0	0.20722253045548	9.916602564186183	0.580003566183098	0.5279411194582	0.8063292805386251	0.228397598631071	0.19691312751984202	0.154733907716285	0.21858397413806602	1.154664857789761	68.07902805407358	0.184151939255806	3.215062851611437	6.443866708319983	0.046800856089295004	6.980855600679985	1.058841463353297
10.0.2.0	0.20511300188266202	10.083721759756804	0.576399134289806	0.5128083222277561	0.7845829607014491	0.227452598956377	0.191980204083801	0.152597917977654	0.219126250392033	1.142063348962355	68.10350887505477	0.18371600739604801	3.118002708075621	6.445238646828401	0.045679735574227005	6.982341867397437	1.025666660442788
10.0.5.0	0.20312178220885202	10.247708692742869	0.57279197294938	0.49897012078934105	0.7638524546998361	0.22649725754795302	0.187252734132656	0.150500828793937	0.21964689129661802	1.130180739525828	68.12100912246837	0.18329352723279202	3.026611498854762	6.446010656924952	0.044602371810603	6.983178211668702	0.9947711363525291
10.0.799999999999999.0	0.20124094578897903	10.408766244267227	0.569185868489485	0.48630215375137703	0.7440925790699091	0.22553308957315502	0.18272292062310103	0.148442841429087	0.22014705182416602	1.118968376726575	68.13197490566681	0.182883531339981	2.940554562415016	6.446220881609925	0.043567257540004005	6.983405955077425	0.9659908348077311
11.0.1.0	0.19946314309595803	10.567083020077735	0.565584290067763	0.47469275185304804	0.7252598484368731	0.22456149673080403	0.17838317581380803	0.146424060973426	0.22062781154410202	1.108381194047512	68.13682246227751	0.18248513009220202	2.859516412758934	6.445904933656624	0.042572915808151	6.983063678128014	0.93917367463749
11.0.4.0	0.19778155468302402	10.722834376054717	0.561990413404811	0.46404159218185403	0.7073124441949941	0.22358377552320402	0.17422612478562702	0.144444505719021	0.221090180033564	1.098377418208918	68.13594032486363	0.182097504705815	2.783199716326473	6.445096076746432	0.041617901690287	6.9821874164753055	0.9141786744022651
11.0.7.0	0.19618984922617203	10.876183369651764	0.558407142656257	0.454258498352883	0.6902101796377821	0.222601124881489	0.17024460762173602	0.14250411573840602	0.22153510186121503	1.088918303544233	68.1296913140274	0.18171990099842403	2.711324313995785	6.443825392377824	0.040700803673727005	6.980810841742646	0.890875140012175
12.0.	0.194682145238864	11.027281642541803	0.5548371305837081	0.445262370619165	0.6739144622183351	0.221614653199997	0.16643168041991502	0.140602760735935	0.22196346118153001	1.079967890523079	68.11841437370973	0.181351623769322	2.64362628746347	6.442121933786689	0.039820244737245006	6.978965428268916	0.869141911002227
12.0.299999999999999.0	0.193252976101063	11.176270239382541	0.551282797169038	0.43698023165272004	0.658388253533509	0.220625384830053	0.16278061528999402	0.138740247234513	0.22237608597320202	1.071492785785022	68.1024262626898	0.18099203172473102	2.579857069085585	6.4400128679947635	0.038974883162779	6.9766806069943295	0.8488666613963011
12.0.6.0	0.19189725808548902	11.323280367279075	0.54774634680287	0.429346375311344	0.64359602754981	0.21963426607872902	0.159284899472663	0.13691632515461	0.222773751952087	1.063461961460249	68.0820231148269	0.180640532885728	2.519782594106216	6.437523606996356	0.038163413111205004	6.97398390757939	0.8299452513472491
12.0.9.0	0.190610261098402	11.468434100205656	0.544229784165989	0.422301607107575	0.6295037275221891	0.218642170753959	0.15593823370078902	0.13513069383723	0.22315718618621502	1.055846571858289	68.05748187933318	0.180296580426548	2.463182494081649	6.434677928998682	0.037384564990577004	6.970901089748575	0.812281125984457
13.0.2.0	0.189387581881852	11.611845032352594	0.5407349289115571	0.41579256634259204	0.616078721997899	0.21764990529353	0.15273452991098802	0.13338300755784502	0.22352707043788303	1.048619785843214	68.02906165127374	0.17995966889831802	2.409849330218893	6.431498090546173	0.036637105642292	6.967456264758355	0.795784758132261
13.0.5.0	0.18822511945026102	11.753618884087324	0.537263429246229	0.409771120976097	0.603289760245453	0.21665821351209402	0.14966790840124702	0.13167288057405302	0.22388404425548203	1.0417566334065	67.99700490152375	0.17962933079892401	2.359587865282665	6.428004930283001	0.035919838367929	6.963672007806587	0.7803731317823641
13.0.799999999999999.0	0.18711905255702202	11.89385406395921	0.5338167744994781	0.40419382728857	0.5911069274025821	0.21566778099725903	0.14673269451968002	0.129999891745915	0.22422870783568102	1.035233865110477	67.96153861455485	0.179305133454383	2.3122143726809	6.424217965039502	0.035231602817157	6.959569462126128	0.7659692634111701
14.0.1.0	0.186065819007101	12.032642189935782	0.530396306762504	0.39902144726849703	0.579501599596231	0.21467923918304102	0.143923414959946	0.12836358876450302	0.22456162467472401	1.029029823214099	67.92287534165186	0.178986676180958	2.267555981312084	6.42015547886635	0.034571274754934	6.95516843543855	0.7525017584288031
14.0.399999999999999.0	0.18506209664970402	12.170068572831696	0.527003231670918	0.39421851743614805	0.568446399251593	0.21369316912645903	0.141234793730284	0.126763492021043	0.224883324025895	1.023124323413872	67.88121417647257	0.178673587700607	2.225450054745515	6.415834605584804	0.033937765724298005	6.950487489383538	0.7399044002310221
14.0.7.0	0.184104785901221	12.306212664680746	0.523638628398931	0.389752963508173	0.557915150775187	0.21271010501079402	0.138661747855466	0.12519909814624	0.225194303178709	1.017498546239494	67.83674165924067	0.17836552378523501	2.185743603305347	6.411271405370827	0.033330022619329006	6.945544022485064	0.728115769498567
15.0.	0.183190993663141	12.441148474604617	0.520303458926914	0.38559575592315604	0.547882836768883	0.21173053739699402	0.136199382864093	0.123669883246802	0.22549502957400702	1.012134937238448	67.78963261530163	0.17806216510779901	2.14829272763928	6.406480935845631	0.032747027181283	6.940354347166102	0.7170788915511961
15.0.299999999999999.0	0.182318018512608	12.574944954548585	0.5169985766388471	0.38172060179599204	0.5383255549068441	0.21075491624283502	0.13384298810755801	0.122175305863866	0.22578594276789601	1.00701711516819	67.7400509332666	0.177763215280546	2.112962092370787	6.401477318103861	0.032187795429517004	6.934933761279187	0.70674090971625
15.0.6.0	0.181483337054917	12.707666357083697	0.5137247343014141	0.37810366935592904	0.529220475585487	0.20978365370778201	0.13158803195145902	0.12071480967592602	0.22606745625635202	1.002129787490073	67.68815028751017	0.17746839906269402	2.079624428458775	6.396273798073579	0.031651377037564	6.92929661457971	0.69705278281446
15.0.899999999999999.0	0.18068459133775303	12.839372567316031	0.5104825914720971	0.37472334135627405	0.5205458004372371	0.20881712675999	0.12943015687536802	0.119287825966932	0.22633995917128602	0.9974586725267061	67.63407480937619	0.177177460721636	2.048160062918887	6.390882803568306	0.031136854663565004	6.923456370532331	0.687969004999419
16.0.2.0	0.179919577236338	12.970119410795748	0.5072727213796501	0.371559994328969	0.5122807217819391	0.20785567960046	0.12736517451245802	0.11789377587851702	0.22660381785795902	0.9929904277051611	67.57795971107004	0.176890162533365	2.018456474595321	6.385315997360963	0.030643343243292	6.9174256638077125	0.679447346312107
16.0.5.0	0.17918623372716103	13.099958939181215	0.504095617316771	0.368595800899836	0.504405383074866	0.206899625918152	0.125389060656554	0.11653207246371201	0.22685937734278502	0.988712583362895	67.51993186587663	0.17660628340921702	1.990407874710087	6.379584326581652	0.030169989253029002	6.911216353796786	0.6714486124285981
16.0.8.0	0.178482632975553	13.228939695285641	0.500951698581475	0.36581455268504603	0.49690084039728905	0.2059492509887	0.12349795026067201	0.11520212255806	0.22710696269982403	0.984613481642262	67.46011034803577	0.176325617637343	1.9639148109571112	6.373698068716063	0.029715969948800002	6.904839574442397	0.6639364221880081
17.0.099999999999998.0	0.177806971169252	13.357106959014883	0.49784131600069903	0.363201501560495	0.48974902502415	0.20500481362834003	0.12168813244797601	0.11390332848274101	0.22734688032353803	0.9806822200435511	67.39860693532619	0.176047973728423	1.938883793951003	6.367666874458459	0.029280492587671004	6.8983057806633274	0.656877001589353
17.0.4.0	0.17715756003628802	13.484502975594937	0.49476475706698103	0.36074321733686404	0.482932707093489	0.20406654801370502	0.119956045553257	0.11263508959313001	0.22757941911481802	0.9769085992461891	67.33552657715795	0.175773173356211	1.915226944883841	6.361499807652267	0.028862793636196003	6.89162479162329	0.650238993040652
17.0.7.0	0.17653281899110201	13.611167167385027	0.491722250716539	0.358427460087798	0.47643546039361806	0.20313466537732103	0.11829827221059501	0.11139680368509002	0.22780485158665703	0.9732830748435041	67.27096783073932	0.175501050384368	1.892861663287612	6.355205382532407	0.028462137970485003	6.8848058310767755	0.643993278731813
18.0.	0.17593126785784002	13.737136330477405	0.48871397177486603	0.35624306556946905	0.47024162827659305	0.20220935558779102	0.11671153450056401	0.11018786827033901	0.228023434895361	0.9697967126686591	67.20502326767676	0.17523144997190201	1.871710313844504	6.348791598466179	0.02807781807183	6.877857565005025	0.6381128170849201
18.0.3.0	0.175351520124326	13.862444817196526	0.48574004509384605	0.35417984233974303	0.46433629070005206	0.20129078862301902	0.11519268916842001	0.109007681731294	0.22823541180272103	0.9664411474184831	67.1377798531741	0.17496422775026002	1.8516999312317082	6.342265972373862	0.027709153221341	6.870788136738348	0.6325724913119031
18.0.599999999999998.0	0.17479227668431602	13.987124705528764	0.48280054940257905	0.352228479336315	0.45870523239395405	0.20037911594408503	0.11373872292291001	0.10785564436497401	0.22844101157412003	0.963208544308167	67.06931929982407	0.17469924906578602	1.832761942031508	6.335635568995767	0.027355488696635	6.863605199745414	0.62734896918059
18.0.9.0	0.174252320029362	14.111205956437601	0.479895520892308	0.35038046280774904	0.453334912143999	0.19947447177687502	0.112346747823775	0.10673115932478201	0.228640450817154	0.9600915635134891	66.99971839782542	0.174436388281851	1.8148319027808921	6.328907029159399	0.027016194973197002	6.856315948256017	0.6224205731561351
19.0.2.0	0.173730508854983	14.234716559949305	0.477024956554344	0.34862800161115703	0.44821243317947	0.19857697430794202	0.11101399676463101	0.10563363346828201	0.22883393426501702	0.957083327178712	66.92904932331511	0.17417552813550102	1.7978492532775832	6.322086596188396	0.026690666932715	6.848927145870765	0.6177671601461151
19.0.5.0	0.17322577304886702	14.357682670828432	0.474188817288383	0.34696395999683405	0.44332551464982706	0.197686726800643	0.109737819056665	0.104562478118463	0.22902165550853001	0.9541773887876571	66.85737992637252	0.173916559143969	1.781757084301062	6.315180140583983	0.026378323080373002	6.841445152299319	0.6133700101345441
19.0.8.0	0.17273710903160303	14.480128734602554	0.471387030797326	0.34538179709515204	0.43866246417151306	0.196803818637093	0.108515676117497	0.10351710974536801	0.22920379768043303	0.9513677047130131	66.78477400013072	0.17365937905678902	1.7665019189476951	6.308193183099668	0.026078604772793	6.833875948357979	0.6092117230428731
20.0.099999999999998.0	0.172263575422954	14.602077604639202	0.46861949428348704	0.343875512405498	0.43421215142408204	0.195928326291085	0.107345137268575	0.10249695057446201	0.22938053409524603	0.948648607774861	66.71129153232114	0.17340389234970102	1.752033506818484	6.301130916320692	0.025790975458085	6.826225159347414	0.605276123205115
20.0.4.0	0.17180428900892503	14.72355065092632	0.46588607695996803	0.34243959666235	0.429963982772792	0.19506031423672401	0.106223875643629	0.101501429127599	0.22955202884779702	0.94601478265378	66.63698894047484	0.173150009756833	1.738304630335966	6.293998224851361	0.025514919929228	6.818498076922306	0.601548170889688
20.0.7.0	0.171358420986977	14.844567861159526	0.46318662238995906	0.34106898752062503	0.42590787689325704	0.194199835797182	0.10514966420993901	0.10052998070199201	0.22971843737323303	0.9434612430169801	66.5619192919123	0.17289764783800002	1.725270922503595	6.286799704205718	0.025249943591821002	6.810699679556191	0.598013880342773
21.0.	0.170925193468584	14.9651479346948	0.460520950665785	0.339759029562168	0.42203424137251705	0.193346933937657	0.104120371903528	0.09958204779219601	0.22987990697117702	0.940983310227792	66.48613250956811	0.17264672857823402	1.712890695456276	6.279539678489826	0.024995571747039	6.80283465169731	0.594660243867081
21.0.3.0	0.170503876220046	15.085308369884023	0.457888860438646	0.33850543817844003	0.418333950259936	0.192501642006304	0.103133959878784	0.09865708045969801	0.230036577296431	0.9385765935195921	66.40967556461828	0.172397179016917	1.701124779184756	6.272222216957543	0.024751348890500003	6.794907401704004	0.5914751614861631
21.0.599999999999998.0	0.17009378362403801	15.205065545272854	0.455290130809241	0.337304266931914	0.414798322540656	0.19166398442665403	0.10218847787254201	0.097754536654389	0.230188580818518	0.936236971525065	66.33259265680786	0.17214893090413103	1.689936369849126	6.264851149515604	0.024516838027587	6.786922078641905	0.58844737577797
21.0.9.0	0.16969427184575903	15.324434795104665	0.45272452308867206	0.336151878040924	0.411419101503874	0.19083397734477	0.10128206068217001	0.096873882491842	0.23033604325213602	0.933960575060623	66.25492538330892	0.17190192038203803	1.679290887127983	6.257430081248397	0.024291620005647004	6.778882588019096	0.585566411492479
22.0.2.0	0.16930473618885503	15.44343047954194	0.45019178243842106	0.335044915670383	0.408188434977906	0.190011629234168	0.10041292475687001	0.096014592490037	0.230479083960468	0.9317437710738861	66.17671289688005	0.171656087689307	1.669155840079586	6.249962406027679	0.024075292863387002	6.770792606529987	0.582822519597019
22.0.5.0	0.168924608627463	15.562066049985908	0.44769163939751505	0.33398028174438604	0.40509885640394006	0.189196941461295	0.09957936490102501	0.09517614976889101	0.230617816333158	0.9295831476695751	66.09799205404136	0.17141137688677102	1.659500701019887	6.242451319267904	0.023867471197680002	6.762655595873566	0.58020662541957
22.0.8.0	0.16855335550178702	15.6803541098474	0.44522381130444905	0.332955114026634	0.40214326672035705	0.188389908814195	0.098779751088178	0.09435804621570101	0.230752348140629	0.9274755001358731	66.01879755392908	0.171167735602651	1.6502967869494691	6.234899829883422	0.023667785547901003	6.754474815707045	0.57771028058505
23.0.099999999999998.0	0.16819047536561402	15.798306471095817	0.44278800362090404	0.331966766241354	0.39931491702972205	0.18759051999676102	0.098012525383959	0.09355978261936	0.23088278186628503	0.9254178178994781	65.93916206844547	0.17092511479584202	1.64151714808733	6.227310771499948	0.023475881797852	6.746253335791615	0.575325618462411
23.0.4.0	0.16783549697504402	15.915934206889057	0.44038391116379305	0.33101279003119605	0.396607392020747	0.186798758090853	0.09727619897608501	0.09278086877602201	0.23100921501805602	0.9234072723432031	65.85911636427694	0.170683468535855	1.6331364630940701	6.219686812968961	0.023291420595251	6.737994047383046	0.573045312861564
23.0.7.0	0.167487977408584	16.033247700565052	0.43801121925173503	0.330090918569857	0.39401459411793405	0.18601460098837802	0.09656934930939401	0.09202082356864501	0.23113174042064003	0.9214412054251011	65.77868941731192	0.17044275379815801	1.6251309405904601	6.212030468230339	0.023114076788719	6.729699673916208	0.5708625397386841
24.0.	0.167147500309432	16.150256691254942	0.43566960477162603	0.32919905166616503	0.39153072833200103	0.18523802179527502	0.095890617323703	0.09127917502270201	0.23125044648966503	0.9195171190427981	65.69790851995488	0.17020293027375302	1.617478226599626	6.204344105565395	0.022943538882117	6.721372781029184	0.568770941686584
24.0.3.0	0.166813674241541	16.26697031635892	0.43335873717057805	0.32833524221327504	0.389150287784701	0.184468989209244	0.09523870479219401	0.09055546034014801	0.23136541748896902	0.917632665091033	65.61679938179638	0.16996396019190302	1.610157317562141	6.196629956279586	0.022779508506088002	6.713015785969559	0.566764595003596
24.0.599999999999998.0	0.16648613115163302	16.383397151107992	0.431078279378161	0.327497683851782	0.38686803988218804	0.183707467872913	0.09461237175793501	0.08984922591358101	0.231476733772072	0.9157856361643221	65.53538622406846	0.16972580815505	1.603148478593386	6.188890122851497	0.022621699906556002	6.7046309664224655	0.564837979149874
24.0.9.0	0.16616452492994002	16.499545245418776	0.42882788866353505	0.326684699729043	0.384679013111662	0.18295341870401802	0.094010434066051	0.08916002732240301	0.23158447200884102	0.913973956860296	65.4536918682849	0.169488440985006	1.59643316667146	6.1811265865822	0.022469839449969	6.696220468797384	0.5629859484143941
25.0.2.0	0.16584853006295802	16.61542215823311	0.426607217431744	0.325894732249079	0.38257848443665404	0.18220679920408703	0.093431760989026	0.08848742931262801	0.23168870539831302	0.9121956756425651	65.37173781943915	0.16925182757960403	1.589993958461896	6.173341214776767	0.022323665144996	6.6877863160081645	0.561203705629163
25.0.5.0	0.165537840372029	16.731034989520488	0.424415913963165	0.325126333718232	0.380561967266953	0.18146756374700101	0.092875272942588	0.08783100576187901	0.23178950386854202	0.9104489572250271	65.28954434410679	0.169015938779031	1.583814482502436	6.16553576748769	0.022182926180373003	6.679330414778328	0.559486777779412
25.0.8.0	0.165232167831968	16.846390410108175	0.42225362309984504	0.32437815780135704	0.378625199979842	0.180735663848709	0.09233993928957701	0.087190339630985	0.23188693426429202	0.908732075442306	65.20713054377654	0.16878074724115402	1.577879355487183	6.157711903847804	0.022047382478597003	6.670854562501785	0.5578309933698801
26.0.099999999999998.0	0.16493124146441202	16.961494689492092	0.42011998688219504	0.32364895171200103	0.37676413497000405	0.18001104841932303	0.09182477622920501	0.08656502290349401	0.23198106052335402	0.907043406573602	65.12451442371216	0.168546227325194	1.5721741224046442	6.149871188018638	0.021916804265119	6.662360453686856	0.55623246141779
26.0.4.0	0.16463480630090901	17.07635372177	0.41801464513929004	0.322937549067687	0.37497492820612305	0.17929366399868502	0.09132884476913401	0.085954656514307	0.23207194384218802	0.9053814230896051	65.0417129576269	0.168312354983141	1.566685200298568	6.142015094778291	0.021790971652691	6.6538496860098135	0.5546875519527951
26.0.7.0	0.16434262241115902	17.190973049829097	0.415937236035807	0.32224286334837304	0.37325392927292805	0.178583454976481	0.09085124877776701	0.085358850268562	0.23215964283157	0.9037446877942841	64.95874214843434	0.168079107658373	1.561399825433992	6.134145014771435	0.021669674240513002	6.645323766002387	0.553192877913123
27.0.	0.16405446399210902	17.305357887909594	0.41388739657843704	0.321563881902292	0.371597671878096	0.177880363797863	0.090391133114206	0.08477722275178001	0.23224421366285902	0.9021318483353861	64.8756170853211	0.16784646419096302	1.55630600366377	6.126262259442484	0.021552710727803	6.636784114396026	0.551745278335482
27.0.3.0	0.163770118513928	17.419513142657753	0.41186476308441006	0.320899660448947	0.370002864804151	0.17718433115551402	0.08994768183332601	0.08420940123225401	0.232325710205482	0.9005416320593481	64.79235199737178	0.16761440472921102	1.551392463802909	6.118368065671668	0.021439888541427	6.628232071144309	0.550341802743866
27.0.599999999999998.0	0.16348938591914303	17.53344343277344	0.40986897161462205	0.32024931803397	0.36846638328615205	0.176495296168991	0.08952011646348401	0.08365502155653501	0.232404184156169	0.898972841187998	64.70896030396074	0.16738291064697	1.5466486138294462	6.110463600132435	0.021331023477200003	6.619668900143472	0.548979696649565
27.0.9.0	0.16321207787150502	17.647153107349688	0.40789965837365805	0.319612032395012	0.36698526079667704	0.175813196552168	0.08910769435436901	0.08311372803884601	0.23247968516045703	0.8974243482960481	64.62545466211145	0.16715196446635702	1.542064499741365	6.1025499633874	0.021225939354494003	6.6110957936696835	0.547656388081173
28.0.2.0	0.16293801705136102	17.76064626299486	0.405956460078891	0.318987035701815	0.36555668122025203	0.175137968769517	0.08870970709259	0.082585173345155	0.23255226092693201	0.8958950920697931	64.54184701101177	0.166921549785487	1.53763076690917	6.094628193739018	0.021124467683757003	6.602513876550604	0.546369475069458
28.0.5.0	0.162667036494538	17.87392675982137	0.404039014300671	0.318373610637177	0.36417797140005004	0.17446954818193403	0.088325478982614	0.082069018372616	0.23262195733467703	0.8943840733288261	64.4581486138601	0.166691651210882	1.533338623773293	6.086699270850026	0.021026447346576	6.593924210087528	0.54511671401757
28.0.799999999999997.0	0.16239897897195502	17.986998236379097	0.402146959775502	0.31777108678874805	0.36284659404033404	0.173807869182763	0.087954365590727	0.08156493212499401	0.23268881853431303	0.892890351293794	64.3743700972081	0.16646225429424102	1.5291798077445389	6.078764119147824	0.020931724287899002	6.585327795743477	0.543896008892193
29.0.099999999999998.0	0.16213369640736802	18.099864123605887	0.40027993669396905	0.317178837324463	0.36156014094873	0.173152865324638	0.08759575234974001	0.081072591584671	0.23275288704305303	0.891413040084399	64.29052148795246	0.16623334547327	1.525146553174201	6.070823611026014	0.020840151220045	6.576725578611516	0.542705401176089
29.0.4.0	0.161871049330806	18.212527657862466	0.398437586965085	0.316596275927005	0.360316326603072	0.17250446943771702	0.08724905322222101	0.08059168158176201	0.23281420383412202	0.889951305432903	64.20661224812129	0.16600491201630901	1.521231561268532	6.0628785698554974	0.020751587338136	6.5681184506767885	0.5415430605268441
29.0.7.0	0.161610906365449	18.32499189311435	0.39661955445859604	0.316022853965022	0.35911298202812203	0.17186261373984701	0.08691370942007601	0.080121894660842	0.232872808420888	0.888504361599407	64.12265130758887	0.165776941970489	1.517427971829709	6.054929772816746	0.020665898046573	6.559507253884808	0.540407276090767
30.0.	0.161353143745833	18.437259712318784	0.394825485226705	0.315458057880918	0.357948048968099	0.171227229939166	0.08658918817837301	0.07966293094573401	0.23292873893602803	0.88707146847608	64.03864709484627	0.165549424113193	1.513729336712602	6.046977953564128	0.020582954696211003	6.550892783027804	0.5392964484246441
